0.000000 0.930240
1.000000 1.005440
2.000000 1.150528
3.000000 0.781568
4.000000 1.039680
5.000000 1.039680
6.000000 0.934784
7.000000 1.149120
8.000000 1.181952
9.000000 0.781568
10.000000 0.984960
11.000000 0.634752
12.000000 0.328320
13.000000 0.459648
14.000000 0.470592
15.000000 0.420416
16.000000 1.149120
17.000000 1.466496
18.000000 1.098944
19.000000 1.313280
20.000000 1.339712
21.000000 1.915200
23.000000 1.361600
24.000000 1.794816
25.000000 1.473760
26.000000 1.004128
27.000000 1.554048
28.000000 1.109888
29.000000 0.798912
30.000000 1.083456
31.000000 0.689472
32.000000 0.847232
33.000000 1.258560
34.000000 1.214784
35.000000 1.044224
36.000000 0.798912
37.000000 0.777024
38.000000 0.547200
39.000000 0.518912
40.000000 0.766080
41.000000 0.700416
42.000000 0.525312
43.000000 0.525312
44.000000 0.580032
45.000000 0.365696
46.000000 0.580032
47.000000 0.711360
48.000000 0.809856
49.000000 0.787968
50.000000 0.584576
51.000000 0.798912
52.000000 0.919296
53.000000 0.995904
54.000000 0.869120
55.000000 0.984960
56.000000 0.963072
57.000000 0.803456
58.000000 0.984960
59.000000 1.072512
60.000000 0.923840
61.000000 0.963072
62.000000 1.017792
63.000000 1.061568
64.000000 0.858176
65.000000 0.755136
66.000000 0.941184
68.000000 0.131072
69.000000 1.372800
70.000000 0.634752
71.000000 0.612864
72.000000 0.634752
73.000000 0.393984
74.000000 0.350208
75.000000 0.157760
76.000000 0.328320
77.000000 0.393984
78.000000 0.974016
79.000000 0.864576
80.000000 0.726848
81.000000 1.149120
82.000000 0.580032
83.000000 0.623808
84.000000 0.667584
85.000000 0.672104
86.000000 0.656640
88.000000 0.481536
89.000000 0.393984
90.000000 0.908352
91.000000 0.652728
92.000000 0.733248
93.000000 0.492480
94.000000 0.711360
95.000000 0.350208
96.000000 0.131328
98.000000 0.161472
99.000000 0.363840
100.000000 0.231904
101.000000 0.842688
102.000000 0.207936
104.000000 0.098496
105.000000 1.247616
106.000000 0.459648
107.000000 0.464192
108.000000 0.875520
109.000000 0.941184
110.000000 0.667584
111.000000 0.573632
112.000000 0.831744
113.000000 1.346112
114.000000 0.766080
115.000000 0.518912
116.000000 0.459648
117.000000 0.361152
118.000000 0.536256
119.000000 1.017792
120.000000 0.803456
121.000000 1.390016
122.000000 1.170880
123.000000 0.869120
124.000000 1.072512
125.000000 1.291392
126.000000 1.131776
127.000000 1.477440
128.000000 0.689472
129.000000 0.350208
130.000000 0.737792
131.000000 1.521216
132.000000 1.295936
133.000000 1.554048
134.000000 1.455552
135.000000 1.109888
136.000000 1.302336
137.000000 0.809856
138.000000 0.704960
139.000000 1.368000
140.000000 1.777472
141.000000 1.532160
142.000000 1.433664
143.000000 1.175552
144.000000 1.455552
145.000000 1.361600
146.000000 1.586880
147.000000 1.471040
148.000000 1.696320
149.000000 1.438208
150.000000 1.575936
152.000000 1.405376
153.000000 1.357056
154.000000 1.368000
155.000000 1.088000
156.000000 1.729152
157.000000 1.339712
158.000000 1.663488
159.000000 1.383488
160.000000 1.740096
161.000000 1.591424
162.000000 1.882368
163.000000 1.580480
164.000000 1.860480
165.000000 1.657088
166.000000 2.057472
167.000000 1.274048
168.000000 2.166912
169.000000 1.449152
170.000000 1.915200
171.000000 1.602368
172.000000 2.062016
173.000000 2.276352
174.000000 1.657088
175.000000 2.046528
176.000000 1.919744
177.000000 1.930688
178.000000 2.155968
179.000000 2.029184
180.000000 1.083456
181.000000 1.372544
182.000000 1.849536
183.000000 1.492928
184.000000 1.674432
185.000000 1.214784
186.000000 1.525760
187.000000 1.554048
188.000000 1.022336
189.000000 1.192896
190.000000 1.411776
191.000000 0.869120
192.000000 0.437760
193.000000 0.525312
194.000000 0.306432
195.000000 0.777024
196.000000 0.426816
197.000000 0.190600
198.000000 1.028736
199.000000 1.827648
200.000000 1.558592
201.000000 1.630656
202.000000 1.394432
204.000000 2.215232
205.000000 1.772928
206.000000 1.602368
207.000000 2.374848
208.000000 1.777472
209.000000 2.302784
210.000000 2.134080
211.000000 1.996352
212.000000 1.608768
213.000000 1.131776
214.000000 1.181952
215.000000 1.236672
216.000000 0.891008
217.000000 0.700416
218.000000 1.171008
219.000000 0.131072
220.000000 1.930944
221.000000 1.050624
222.000000 0.897408
223.000000 0.759680
224.000000 0.744192
225.000000 0.580032
227.000000 0.383040
228.000000 1.405376
229.000000 1.346112
230.000000 1.554048
231.000000 1.263104
232.000000 1.477440
233.000000 1.503872
234.000000 1.827648
235.000000 1.164608
236.000000 1.751040
237.000000 1.536704
238.000000 1.794816
239.000000 1.788416
240.000000 2.090304
241.000000 1.875968
242.000000 1.875968
243.000000 2.276352
244.000000 1.514816
245.000000 2.287296
246.000000 1.700856
247.000000 1.865024
248.000000 1.258560
249.000000 1.597824
250.000000 1.077056
251.000000 0.558144
252.000000 0.634752
253.000000 1.050624
254.000000 0.912896
255.000000 1.269504
256.000000 1.444608
257.000000 0.584576
260.000000 0.087552
261.000000 2.707712
262.000000 1.105344
263.000000 0.448704
264.000000 1.777472
265.000000 2.309184
266.000000 1.854080
267.000000 1.729152
268.000000 1.197440
269.000000 0.569088
270.000000 0.196992
273.000000 0.021888
274.000000 0.306432
275.000000 0.437760
276.000000 0.383040
277.000000 0.218880
278.000000 0.372096
279.000000 0.245312
280.000000 1.149120
281.000000 0.569088
282.000000 0.722304
283.000000 0.748736
284.000000 1.400832
285.000000 1.488384
286.000000 0.814400
287.000000 0.886464
288.000000 0.733248
289.000000 0.459648
290.000000 0.726848
291.000000 1.466496
293.000000 1.389888
294.000000 1.142720
295.000000 1.532160
296.000000 1.044224
297.000000 1.521216
298.000000 1.554048
299.000000 1.098944
300.000000 1.597824
301.000000 1.427264
303.000000 1.291392
304.000000 1.799360
305.000000 1.849536
306.000000 1.284992
307.000000 0.284544
309.000000 2.642048
310.000000 0.864576
311.000000 0.580032
312.000000 1.586880
313.000000 1.317824
314.000000 1.882368
315.000000 1.208392
316.000000 1.258560
317.000000 1.131776
318.000000 1.477440
319.000000 1.346112
320.000000 0.464192
321.000000 0.744192
322.000000 0.437760
323.000000 1.280448
324.000000 1.405376
325.000000 1.707264
326.000000 1.361600
327.000000 1.378944
328.000000 1.214784
329.000000 1.109888
330.000000 0.809856
331.000000 1.280448
332.000000 1.372544
333.000000 1.718208
334.000000 1.449152
335.000000 1.904256
336.000000 1.525760
337.000000 1.718208
338.000000 0.880064
339.000000 0.601920
340.000000 0.634752
341.000000 0.503424
342.000000 0.284544
343.000000 0.404928
344.000000 0.475136
345.000000 0.426816
346.000000 0.120384
347.000000 0.722304
348.000000 0.952128
349.000000 0.924800
350.000000 0.841728
352.000000 0.328320
353.000000 0.295488
354.000000 0.678528
355.000000 0.995904
356.000000 0.420416
357.000000 0.678528
358.000000 0.667584
359.000000 0.645696
360.000000 0.842688
361.000000 0.726848
362.000000 0.963072
363.000000 0.952128
364.000000 0.923840
365.000000 1.138176
366.000000 1.192896
367.000000 1.033280
368.000000 1.378944
369.000000 1.554048
370.000000 1.361600
371.000000 1.641600
372.000000 1.394432
373.000000 1.729152
374.000000 1.471040
375.000000 2.024640
376.000000 1.646144
377.000000 2.094848
378.000000 1.958976
379.000000 1.317816
380.000000 2.090304
381.000000 1.919744
382.000000 2.155968
383.000000 1.919744
385.000000 1.744640
386.000000 2.265408
387.000000 1.875968
388.000000 2.396736
389.000000 1.711808
390.000000 1.657088
391.000000 2.024640
392.000000 1.503872
393.000000 1.696320
394.000000 1.394432
395.000000 1.554048
396.000000 1.591424
397.000000 1.181952
398.000000 1.050624
399.000000 0.131072
400.000000 2.073216
401.000000 1.805760
402.000000 1.274048
403.000000 1.335168
404.000000 1.175552
405.000000 1.783872
406.000000 1.427264
407.000000 1.630656
408.000000 1.094400
409.000000 0.858176
410.000000 1.039680
411.000000 1.116288
412.000000 0.672104
413.000000 0.667584
416.000000 0.383040
417.000000 1.094400
418.000000 1.105344
419.000000 0.289112
420.000000 0.514368
421.000000 0.875520
422.000000 0.798912
423.000000 0.825344
424.000000 1.028736
425.000000 1.028736
426.000000 1.116288
427.000000 1.055168
428.000000 1.280448
429.000000 1.044224
430.000000 1.181952
431.000000 1.127232
432.000000 0.989504
433.000000 1.225728
434.000000 1.291392
435.000000 1.022344
436.000000 1.269504
437.000000 0.875520
438.000000 0.711360
439.000000 0.573632
440.000000 0.656640
441.000000 0.393984
442.000000 0.569088
443.000000 0.886464
445.000000 0.332864
446.000000 1.006848
447.000000 1.138176
448.000000 1.039680
449.000000 0.803456
450.000000 0.590976
451.000000 0.525312
452.000000 0.612864
453.000000 0.470592
454.000000 0.365696
455.000000 0.492480
456.000000 0.700416
457.000000 0.678528
458.000000 0.634752
459.000000 0.733248
460.000000 0.584576
461.000000 0.700416
462.000000 0.733248
463.000000 0.678528
464.000000 0.661184
465.000000 0.689472
466.000000 0.481536
467.000000 0.404928
468.000000 0.437760
469.000000 0.372096
472.000000 0.131072
473.000000 0.967872
474.000000 0.361152
475.000000 0.350208
476.000000 0.350208
477.000000 0.350208
478.000000 0.328320
479.000000 0.383040
480.000000 0.361152
481.000000 0.350208
482.000000 0.190592
483.000000 0.317376
484.000000 0.328320
485.000000 0.317376
486.000000 0.339264
487.000000 0.372096
488.000000 0.426816
489.000000 0.580032
490.000000 0.606464
491.000000 0.711360
492.000000 0.722304
493.000000 0.777024
494.000000 0.612864
495.000000 0.464192
496.000000 0.448704
497.000000 0.536256
498.000000 0.492480
499.000000 0.711360
500.000000 0.536256
501.000000 0.503424
502.000000 0.310976
503.000000 0.612864
504.000000 0.601920
505.000000 0.383040
506.000000 0.459648
507.000000 0.317376
508.000000 0.317376
509.000000 0.284544
510.000000 0.168704
511.000000 0.196992
513.000000 0.218880
514.000000 0.229824
515.000000 0.317376
516.000000 0.340224
517.000000 0.371136
518.000000 0.339264
519.000000 0.437760
520.000000 0.672128
521.000000 0.558144
522.000000 0.415872
523.000000 0.470592
524.000000 0.580032
525.000000 0.645696
526.000000 0.606464
527.000000 0.426816
528.000000 0.470592
529.000000 0.448704
530.000000 0.393984
531.000000 0.251712
532.000000 0.131328
542.000000 0.131072
543.000000 1.033536
544.000000 0.098496
545.000000 0.054720
546.000000 0.645696
547.000000 0.809856
548.000000 1.094400
549.000000 0.945728
550.000000 0.952128
551.000000 0.700416
552.000000 1.232984
553.000000 1.157352
554.000000 0.974016
555.000000 0.459648
557.000000 0.694016
558.000000 1.346112
559.000000 0.634752
560.000000 0.886464
561.000000 0.934784
562.000000 0.853632
563.000000 0.437760
564.000000 0.678528
565.000000 0.634752
566.000000 0.234368
567.000000 0.470592
568.000000 0.404928
569.000000 0.601920
570.000000 0.536256
571.000000 0.470592
572.000000 0.481536
573.000000 0.300024
574.000000 0.831744
575.000000 0.777024
576.000000 0.744192
577.000000 0.722304
578.000000 0.431360
579.000000 0.306432
580.000000 0.207936
581.000000 0.153216
582.000000 0.098496
584.000000 0.065664
585.000000 1.039680
586.000000 0.974016
587.000000 0.409472
588.000000 0.558144
589.000000 0.580032
590.000000 0.722688
591.000000 0.831360
592.000000 0.650240
593.000000 1.006848
594.000000 0.744192
595.000000 0.711360
596.000000 0.551744
597.000000 0.875520
598.000000 0.766080
599.000000 0.755136
600.000000 0.558144
601.000000 0.497024
602.000000 0.580032
603.000000 0.590976
607.000000 0.131072
608.000000 2.029440
609.000000 0.965312
610.000000 0.709120
611.000000 1.149120
612.000000 1.230272
613.000000 1.313280
614.000000 1.033280
615.000000 1.247616
616.000000 1.171008
617.000000 1.000448
618.000000 1.192896
619.000000 1.083456
620.000000 1.077056
621.000000 1.192896
622.000000 0.919296
623.000000 0.164160
624.000000 0.032832
626.000000 0.584576
627.000000 0.372096
628.000000 0.623808
629.000000 0.272256
630.000000 0.176448
697.000000 0.086208
700.000000 0.131072
702.000000 0.187648
703.000000 0.076608
704.000000 0.087552
705.000000 0.153216
706.000000 0.076608
707.000000 0.076608
708.000000 0.065664
709.000000 0.054720
710.000000 0.076608
712.000000 0.054720
713.000000 0.032832
714.000000 0.054720
715.000000 0.076608
716.000000 0.065664
717.000000 0.065664
721.000000 0.065664
722.000000 0.043776
723.000000 0.054720
726.000000 0.245152
727.000000 0.043136
728.000000 0.043136
729.000000 0.032352
730.000000 0.043136
731.000000 0.043136
732.000000 0.032352
733.000000 0.043136
734.000000 0.043136
736.000000 0.043136
737.000000 0.043136
738.000000 0.043136
739.000000 0.043136
740.000000 0.053920
741.000000 0.032352
742.000000 0.043136
744.000000 0.053920
745.000000 0.032352
746.000000 0.043136
747.000000 0.043136
748.000000 0.043136
749.000000 0.032352
751.000000 0.032352
752.000000 0.043136
753.000000 0.053920
754.000000 0.043136
755.000000 0.043136
757.000000 0.049312
758.000000 0.043136
760.000000 0.036960
761.000000 0.043136
762.000000 0.032352
785.000000 0.010784
806.000000 0.010784
807.000000 0.032352
808.000000 0.038528
809.000000 0.053920
830.000000 0.131072
831.000000 0.520576
833.000000 0.075488
834.000000 0.032352
835.000000 0.064704
836.000000 0.043136
837.000000 0.064704
839.000000 0.086272
840.000000 0.075488
842.000000 0.053920
843.000000 0.086272
844.000000 0.086272
846.000000 0.053920
847.000000 0.053920
849.000000 0.075488
850.000000 0.010784
854.000000 0.021568
855.000000 0.032352
857.000000 0.010784
858.000000 0.064704
859.000000 0.021568
860.000000 0.043136
861.000000 0.043136
862.000000 0.032352
863.000000 0.032352
867.000000 0.020032
868.000000 0.032352
870.000000 0.021568
871.000000 0.043136
872.000000 0.053920
873.000000 0.107840
874.000000 0.118624
875.000000 0.129408
876.000000 0.118624
877.000000 0.118624
878.000000 0.097056
880.000000 0.064704
881.000000 0.064704
882.000000 0.043136
884.000000 0.032352
885.000000 0.053920
887.000000 0.021568
888.000000 0.032352
889.000000 0.032352
890.000000 0.043136
891.000000 0.021568
893.000000 0.064704
894.000000 0.032352
895.000000 0.032352
896.000000 0.019904
897.000000 0.032352
899.000000 0.023232
900.000000 0.043136
901.000000 0.064704
902.000000 0.053920
903.000000 0.062272
912.000000 0.010784
914.000000 0.638688
915.000000 0.172544
916.000000 0.194112
917.000000 0.172544
918.000000 0.075488
919.000000 0.354336
921.000000 0.097056
922.000000 0.258816
923.000000 0.226464
924.000000 0.215680
925.000000 0.183328
926.000000 0.194112
927.000000 0.201760
930.000000 0.010784
931.000000 0.261952
932.000000 0.593120
933.000000 0.161760
934.000000 0.172544
935.000000 0.183328
938.000000 0.043136
940.000000 0.462176
941.000000 0.097056
942.000000 0.129408
943.000000 0.086272
944.000000 0.097056
945.000000 0.129408
946.000000 0.150976
947.000000 0.172544
948.000000 0.172544
949.000000 0.194112
952.000000 0.075488
954.000000 0.323520
955.000000 0.420576
956.000000 0.118624
957.000000 0.161760
958.000000 0.129408
959.000000 0.161760
960.000000 0.129408
961.000000 0.161760
962.000000 0.118624
963.000000 0.107840
964.000000 0.107840
965.000000 0.020032
967.000000 0.053920
969.000000 0.064704
970.000000 0.053920
971.000000 0.075488
973.000000 0.010784
974.000000 0.043136
975.000000 0.032352
980.000000 0.043136
982.000000 0.043136
983.000000 0.107840
984.000000 0.075488
985.000000 0.064704
986.000000 0.053920
987.000000 0.053920
988.000000 0.064704
989.000000 0.107840
991.000000 0.118624
992.000000 0.114016
993.000000 0.080096
994.000000 0.129408
1001.000000 0.075488
1002.000000 0.064704
1003.000000 0.075488
1004.000000 0.086272
1006.000000 0.366656
1007.000000 0.118624
1008.000000 0.248032
1009.000000 0.053920
1010.000000 0.064704
1011.000000 0.064704
1012.000000 0.097056
1013.000000 0.097056
1014.000000 0.097056
1015.000000 0.064704
1020.000000 0.064704
1021.000000 0.246496
1022.000000 0.064704
1024.000000 0.064704
1025.000000 0.075488
1026.000000 0.086272
1027.000000 0.097056
1028.000000 0.107840
1029.000000 0.097056
1030.000000 0.097056
1031.000000 0.075488
1032.000000 0.075488
1033.000000 0.064704
1034.000000 0.075488
1035.000000 0.075488
1036.000000 0.064704
1037.000000 0.064704
1039.000000 0.075488
1040.000000 0.075488
1041.000000 0.075808
1042.000000 0.075168
1043.000000 0.075488
1044.000000 0.075488
1057.000000 0.023360
1059.000000 0.224672
1060.000000 0.043584
1061.000000 0.053472
1062.000000 0.237248
1063.000000 0.045056
1065.000000 0.062784
1066.000000 0.276800
1068.000000 0.079072
1069.000000 0.043136
1070.000000 0.086272
