0.000000 0.800136
1.000000 0.131072
2.000000 2.138192
3.000000 1.192896
4.000000 0.925696
5.000000 0.914032
6.000000 0.978864
7.000000 0.937560
8.000000 1.114616
9.000000 0.930912
10.000000 1.253424
11.000000 1.418800
12.000000 0.643600
14.000000 0.639088
15.000000 1.100864
16.000000 1.621288
17.000000 1.031784
18.000000 0.547200
19.000000 0.218880
20.000000 0.295488
21.000000 0.174672
22.000000 0.262656
23.000000 0.284544
24.000000 0.142272
25.000000 0.207936
26.000000 0.164160
27.000000 0.477232
29.000000 0.613264
30.000000 0.525312
31.000000 0.164160
32.000000 0.445000
33.000000 0.965656
34.000000 1.466416
35.000000 1.377432
36.000000 1.533544
37.000000 1.194944
38.000000 1.422832
39.000000 1.500664
40.000000 1.466888
41.000000 1.366904
42.000000 1.290192
43.000000 1.529968
44.000000 1.291016
46.000000 1.441200
47.000000 1.503008
48.000000 1.522920
49.000000 1.172472
50.000000 1.448784
51.000000 1.715224
52.000000 1.519224
53.000000 1.581040
54.000000 1.813592
55.000000 1.126576
56.000000 1.542768
57.000000 1.173200
58.000000 1.375296
59.000000 0.990696
60.000000 1.749232
61.000000 1.198576
62.000000 1.814776
63.000000 1.239120
65.000000 1.836136
66.000000 1.783312
67.000000 0.666864
68.000000 1.337160
69.000000 1.206952
70.000000 1.291392
71.000000 1.111680
72.000000 1.337656
73.000000 1.319088
74.000000 1.815768
75.000000 1.411632
76.000000 0.984960
77.000000 1.364824
78.000000 1.064776
79.000000 1.096736
80.000000 1.382480
81.000000 1.009056
82.000000 0.758520
83.000000 0.875520
84.000000 0.658256
85.000000 0.669624
86.000000 0.509576
87.000000 0.558640
89.000000 0.948792
90.000000 0.703288
91.000000 0.098496
92.000000 0.677120
93.000000 0.372096
94.000000 0.514368
95.000000 0.504896
96.000000 0.831744
97.000000 0.503424
98.000000 0.054720
99.000000 0.582544
100.000000 1.067944
101.000000 1.138176
102.000000 0.624864
103.000000 0.628104
105.000000 0.733248
106.000000 0.546400
107.000000 0.580032
108.000000 0.196992
109.000000 0.032832
110.000000 0.339264
111.000000 0.087552
112.000000 0.307592
113.000000 0.404928
114.000000 0.459648
115.000000 0.273600
116.000000 0.164736
117.000000 0.240768
118.000000 0.262656
119.000000 0.372096
120.000000 0.245272
121.000000 0.372096
122.000000 0.379320
123.000000 0.448704
124.000000 0.317376
125.000000 0.329632
126.000000 0.678528
127.000000 0.560496
128.000000 0.700416
129.000000 0.467328
130.000000 0.383040
132.000000 0.404928
133.000000 0.563624
134.000000 1.168808
135.000000 0.173160
136.000000 0.251712
137.000000 0.218880
138.000000 0.492480
139.000000 0.408632
140.000000 0.788216
141.000000 0.634752
142.000000 0.560760
144.000000 0.680112
145.000000 0.777024
146.000000 0.619312
147.000000 0.857616
148.000000 0.796968
149.000000 0.857080
150.000000 0.818608
151.000000 0.904080
152.000000 0.963072
153.000000 0.803320
154.000000 0.777024
155.000000 0.919296
156.000000 0.729464
157.000000 1.039680
158.000000 0.798864
159.000000 0.712584
160.000000 0.793600
161.000000 0.808280
163.000000 0.995792
164.000000 0.992272
165.000000 1.061568
166.000000 0.770120
167.000000 0.909192
168.000000 0.859272
169.000000 0.805208
170.000000 0.932744
171.000000 0.941184
172.000000 0.614504
173.000000 0.934248
174.000000 1.083456
175.000000 0.850656
176.000000 0.905824
178.000000 1.139480
179.000000 1.214784
180.000000 0.937728
181.000000 0.867880
182.000000 0.867312
183.000000 0.747096
184.000000 1.068664
185.000000 1.160064
186.000000 0.958096
187.000000 1.025560
188.000000 1.255360
189.000000 1.170328
190.000000 1.238984
191.000000 1.074680
192.000000 1.288312
193.000000 1.263576
194.000000 1.305608
195.000000 1.228752
196.000000 1.214784
197.000000 0.702232
198.000000 0.831744
199.000000 0.674672
200.000000 0.924136
201.000000 1.225728
202.000000 0.656456
203.000000 0.716904
205.000000 1.177552
206.000000 0.492480
207.000000 0.671616
208.000000 1.176440
209.000000 1.717192
210.000000 1.553320
211.000000 1.522712
212.000000 1.402592
213.000000 1.679112
214.000000 1.052864
215.000000 1.728776
216.000000 1.265120
217.000000 1.605048
218.000000 1.700768
220.000000 1.894472
221.000000 1.678792
222.000000 1.413904
223.000000 1.243992
224.000000 1.736968
225.000000 1.460392
226.000000 1.371896
227.000000 1.085816
228.000000 1.151704
229.000000 0.877248
230.000000 1.164400
231.000000 1.062096
232.000000 0.918832
233.000000 0.717352
234.000000 0.626856
235.000000 0.831744
236.000000 0.438064
237.000000 0.556344
238.000000 0.470592
239.000000 0.175104
240.000000 0.583296
241.000000 0.499688
243.000000 0.607744
244.000000 0.678528
245.000000 0.577368
246.000000 0.677608
247.000000 0.809856
248.000000 0.587424
250.000000 0.120384
251.000000 0.738336
252.000000 0.569088
261.000000 0.416608
262.000000 0.262656
263.000000 0.339264
264.000000 0.415616
265.000000 0.495144
266.000000 0.678272
267.000000 0.681664
268.000000 0.558144
269.000000 0.509016
271.000000 0.514368
272.000000 0.665704
273.000000 1.410544
274.000000 1.464088
275.000000 1.506224
276.000000 1.623456
277.000000 1.490312
278.000000 1.620480
280.000000 0.328320
283.000000 0.251712
284.000000 0.952128
285.000000 0.455200
286.000000 0.377368
288.000000 0.500688
289.000000 0.545056
290.000000 0.592096
291.000000 0.773128
292.000000 0.846344
293.000000 0.519448
294.000000 0.987904
295.000000 1.276040
296.000000 1.113280
297.000000 1.102480
298.000000 0.953392
299.000000 0.939904
300.000000 0.819016
303.000000 0.021888
304.000000 0.207016
306.000000 0.521864
307.000000 0.597792
308.000000 0.938752
309.000000 0.781328
310.000000 0.897400
311.000000 1.146336
312.000000 1.194216
313.000000 0.929912
314.000000 1.412592
315.000000 1.191432
316.000000 1.072112
317.000000 1.180928
318.000000 0.907856
319.000000 1.155920
320.000000 1.308840
321.000000 1.112800
322.000000 1.134968
323.000000 0.854632
324.000000 0.875856
325.000000 0.905104
327.000000 0.865840
328.000000 1.096088
329.000000 1.074712
330.000000 0.929184
331.000000 0.803272
332.000000 1.149456
333.000000 0.961864
334.000000 0.821488
335.000000 1.391080
336.000000 1.105072
337.000000 0.900224
338.000000 1.107392
339.000000 0.786720
340.000000 1.164776
341.000000 1.108776
342.000000 0.620840
343.000000 0.945104
344.000000 1.048360
345.000000 1.124056
346.000000 0.869048
347.000000 0.689128
348.000000 1.157024
349.000000 0.895696
350.000000 0.745152
351.000000 0.944040
352.000000 0.826552
353.000000 0.484240
355.000000 0.175104
361.000000 0.131072
362.000000 0.096840
364.000000 0.998896
365.000000 0.933392
366.000000 0.936280
367.000000 0.994112
368.000000 1.061072
369.000000 0.887176
370.000000 1.007696
371.000000 0.904840
373.000000 1.103616
374.000000 1.096280
375.000000 0.992656
376.000000 0.878160
378.000000 0.964688
379.000000 0.626472
380.000000 0.864784
381.000000 0.874680
382.000000 0.835168
383.000000 0.812488
384.000000 1.104528
385.000000 1.230360
386.000000 0.893960
387.000000 1.247656
388.000000 1.130696
389.000000 0.867904
391.000000 0.539480
392.000000 0.820800
393.000000 0.865600
394.000000 0.941464
395.000000 1.058600
396.000000 0.951008
397.000000 1.144520
398.000000 1.231976
399.000000 1.166072
400.000000 1.192896
401.000000 0.718736
402.000000 0.776392
403.000000 0.952128
404.000000 0.576344
405.000000 0.492480
406.000000 0.646304
407.000000 1.161848
408.000000 0.984960
409.000000 0.941512
410.000000 1.584352
411.000000 1.431928
412.000000 0.988048
414.000000 1.289600
415.000000 1.241960
416.000000 1.277816
417.000000 1.006424
418.000000 0.719328
419.000000 0.596344
420.000000 1.039680
421.000000 0.786256
422.000000 0.806408
423.000000 0.609272
424.000000 0.634752
425.000000 0.333664
426.000000 0.426816
427.000000 0.815400
428.000000 1.494136
429.000000 1.521320
430.000000 1.262296
431.000000 1.145968
432.000000 1.001648
433.000000 0.779720
434.000000 0.947696
435.000000 1.801376
436.000000 1.338752
437.000000 1.693624
438.000000 1.632760
439.000000 1.175744
440.000000 1.739624
441.000000 0.787968
442.000000 0.676448
443.000000 0.766232
444.000000 1.124160
445.000000 0.615728
446.000000 0.533312
447.000000 0.971128
448.000000 1.383976
449.000000 1.468592
450.000000 0.691144
451.000000 0.875520
452.000000 0.463776
453.000000 0.625320
454.000000 0.580032
455.000000 0.433032
456.000000 0.459648
457.000000 0.514368
459.000000 0.562896
460.000000 0.820800
461.000000 0.973264
462.000000 1.160064
463.000000 0.802440
464.000000 1.183032
465.000000 0.802592
466.000000 0.963512
467.000000 0.941184
468.000000 0.662760
469.000000 0.560464
470.000000 0.576048
471.000000 0.798912
472.000000 0.600616
473.000000 0.638728
474.000000 0.227880
475.000000 0.525312
476.000000 0.447120
477.000000 0.612864
478.000000 0.467736
479.000000 0.507424
480.000000 0.580032
481.000000 0.463216
482.000000 0.590976
484.000000 0.405064
485.000000 0.525312
486.000000 0.457240
487.000000 0.510592
488.000000 0.579344
489.000000 0.612440
490.000000 0.809184
491.000000 0.880432
492.000000 1.157760
493.000000 0.798152
494.000000 1.028736
495.000000 1.321648
496.000000 1.311784
497.000000 1.323208
498.000000 1.369624
499.000000 1.417424
500.000000 1.234280
501.000000 1.273512
502.000000 1.203816
503.000000 1.254136
504.000000 1.088048
505.000000 0.892768
506.000000 1.052648
507.000000 0.997616
508.000000 0.707224
509.000000 1.099784
510.000000 1.066584
511.000000 1.133360
512.000000 1.017864
513.000000 1.141584
514.000000 1.058904
515.000000 1.031832
516.000000 1.228280
517.000000 1.286608
518.000000 0.820800
526.000000 0.131072
527.000000 0.415304
528.000000 0.393984
530.000000 0.043776
532.000000 0.120384
533.000000 0.415872
536.000000 0.229824
537.000000 0.120384
538.000000 0.381656
539.000000 0.580032
540.000000 0.387688
541.000000 0.547200
542.000000 0.456760
543.000000 0.634752
544.000000 0.456240
545.000000 0.446520
546.000000 0.492480
547.000000 0.240768
548.000000 0.383040
549.000000 0.192720
550.000000 0.339264
551.000000 0.383040
552.000000 0.462488
553.000000 0.413928
554.000000 0.426816
555.000000 0.488576
556.000000 0.448704
557.000000 0.448704
558.000000 0.394440
559.000000 0.558144
560.000000 0.530488
561.000000 0.492480
562.000000 0.514368
563.000000 0.389304
564.000000 0.558144
565.000000 0.612864
566.000000 0.483016
567.000000 0.634752
569.000000 0.446680
570.000000 0.569088
571.000000 0.569088
572.000000 0.421488
573.000000 0.514368
574.000000 0.525312
575.000000 0.582952
576.000000 0.547200
577.000000 0.601920
578.000000 0.527784
579.000000 0.744192
580.000000 0.766080
581.000000 0.540288
582.000000 0.722304
583.000000 0.566288
584.000000 0.722304
585.000000 0.585656
586.000000 0.820800
587.000000 0.566648
588.000000 0.700416
589.000000 0.586416
590.000000 0.612864
591.000000 0.673992
592.000000 0.689472
593.000000 0.722272
594.000000 0.566888
595.000000 0.672320
596.000000 0.667584
597.000000 0.481096
598.000000 0.612864
600.000000 0.292496
601.000000 0.656640
602.000000 0.569272
603.000000 0.656640
604.000000 0.656640
605.000000 0.442744
606.000000 0.590976
607.000000 0.520056
608.000000 0.711360
609.000000 0.667584
611.000000 0.201472
612.000000 0.514368
613.000000 0.175104
648.000000 0.076608
649.000000 0.021888
650.000000 0.032832
651.000000 0.032832
652.000000 0.021888
653.000000 0.043776
654.000000 0.032832
656.000000 0.043776
657.000000 0.032832
659.000000 0.021888
663.000000 0.021888
664.000000 0.054720
665.000000 0.098496
666.000000 0.054720
668.000000 0.087552
669.000000 0.076608
670.000000 0.043776
674.000000 0.019000
675.000000 0.032832
676.000000 0.065664
677.000000 0.076608
678.000000 0.054720
679.000000 0.032832
680.000000 0.065664
681.000000 0.054720
682.000000 0.043776
683.000000 0.032832
684.000000 0.043776
685.000000 0.043776
686.000000 0.054720
687.000000 0.043776
696.000000 0.142016
697.000000 0.339520
698.000000 0.098496
700.000000 0.054720
701.000000 0.098496
702.000000 0.054720
707.000000 0.196736
708.000000 0.080480
709.000000 0.087552
710.000000 0.098496
711.000000 0.076608
712.000000 0.076608
713.000000 0.054720
714.000000 0.054720
715.000000 0.076608
716.000000 0.087552
717.000000 0.054720
718.000000 0.087552
719.000000 0.065664
720.000000 0.087552
721.000000 0.087552
722.000000 0.087552
723.000000 0.076608
724.000000 0.076608
725.000000 0.065664
726.000000 0.076608
727.000000 0.054720
734.000000 0.032832
735.000000 0.098496
737.000000 0.280096
738.000000 0.087552
739.000000 0.054720
740.000000 0.087552
741.000000 0.087552
742.000000 0.076608
743.000000 0.065664
744.000000 0.065664
745.000000 0.065664
746.000000 0.087552
747.000000 0.065664
748.000000 0.076608
749.000000 0.076608
750.000000 0.076608
751.000000 0.076608
752.000000 0.076608
753.000000 0.076608
754.000000 0.087552
755.000000 0.076608
756.000000 0.076608
757.000000 0.076608
758.000000 0.076608
759.000000 0.076608
760.000000 0.060312
761.000000 0.076608
762.000000 0.087552
763.000000 0.109440
764.000000 0.098496
765.000000 0.109440
766.000000 0.109440
767.000000 0.131328
768.000000 0.131328
769.000000 0.109440
770.000000 0.120384
771.000000 0.076608
772.000000 0.098496
773.000000 0.076608
774.000000 0.076608
775.000000 0.076608
776.000000 0.087552
781.000000 0.131072
782.000000 0.310976
783.000000 0.065664
787.000000 0.174848
789.000000 0.142528
790.000000 0.087552
791.000000 0.054720
792.000000 0.065664
793.000000 0.065664
795.000000 0.043776
796.000000 0.087552
797.000000 0.032832
798.000000 0.065664
800.000000 0.043776
801.000000 0.054720
802.000000 0.065664
803.000000 0.032832
804.000000 0.054720
806.000000 0.032832
813.000000 0.021888
834.000000 0.021888
836.000000 0.032832
837.000000 0.032832
838.000000 0.021888
839.000000 0.032832
840.000000 0.043776
841.000000 0.043776
842.000000 0.043776
844.000000 0.021888
845.000000 0.043776
846.000000 0.065664
848.000000 0.043776
849.000000 0.043776
850.000000 0.054720
851.000000 0.065664
852.000000 0.065664
853.000000 0.032832
854.000000 0.054720
858.000000 0.152960
860.000000 0.043416
861.000000 0.043776
862.000000 0.109440
863.000000 0.054720
864.000000 0.065664
870.000000 0.021888
871.000000 0.339264
872.000000 0.065664
873.000000 0.076608
874.000000 0.087552
875.000000 0.098496
876.000000 0.054720
877.000000 0.043776
878.000000 0.043776
879.000000 0.054720
880.000000 0.065664
881.000000 0.043776
882.000000 0.043776
883.000000 0.043776
889.000000 0.065664
890.000000 0.043776
891.000000 0.065664
892.000000 0.065664
894.000000 0.097496
895.000000 0.043776
896.000000 0.021888
897.000000 0.087552
898.000000 0.054720
899.000000 0.065664
900.000000 0.065664
901.000000 0.065664
902.000000 0.065664
903.000000 0.065664
904.000000 0.087552
905.000000 0.065664
906.000000 0.087552
907.000000 0.076608
908.000000 0.087552
909.000000 0.098496
910.000000 0.098496
911.000000 0.098496
912.000000 0.076608
913.000000 0.098496
914.000000 0.076608
926.000000 0.060752
927.000000 0.032832
928.000000 0.087552
929.000000 0.098496
930.000000 0.087552
931.000000 0.087552
932.000000 0.087552
933.000000 0.098496
934.000000 0.076608
935.000000 0.054720
936.000000 0.098496
937.000000 0.076608
938.000000 0.054720
939.000000 0.065664
940.000000 0.098496
941.000000 0.076608
943.000000 0.087552
944.000000 0.098496
945.000000 0.087552
946.000000 0.109440
947.000000 0.070328
948.000000 0.087552
949.000000 0.153216
950.000000 0.153216
951.000000 0.076608
952.000000 0.098496
953.000000 0.098496
954.000000 0.120384
958.000000 0.010944
959.000000 0.551032
960.000000 0.142272
961.000000 0.098496
962.000000 0.131328
963.000000 0.109440
964.000000 0.120384
965.000000 0.120384
966.000000 0.131328
967.000000 0.153216
968.000000 0.109440
969.000000 0.109440
970.000000 0.065320
971.000000 0.098496
972.000000 0.109440
983.000000 0.131072
984.000000 1.182208
985.000000 0.086472
986.000000 0.009000
987.000000 0.065664
988.000000 0.043776
989.000000 0.120384
990.000000 0.120384
991.000000 0.109440
992.000000 0.131328
993.000000 0.120384
994.000000 0.087552
995.000000 0.087552
996.000000 0.043776
997.000000 0.076608
998.000000 0.065664
999.000000 0.076608
1000.000000 0.065664
1001.000000 0.076608
1002.000000 0.076608
1004.000000 0.098496
1005.000000 0.076608
1006.000000 0.054720
1012.000000 0.074328
1013.000000 0.076608
1014.000000 0.098496
1015.000000 0.087552
1016.000000 0.054720
1017.000000 0.054720
1018.000000 0.032640
1023.000000 0.021792
1024.000000 0.114016
1026.000000 0.009008
1027.000000 0.054720
1028.000000 0.054720
1029.000000 0.065664
1030.000000 0.098496
1031.000000 0.076608
1032.000000 0.076608
1033.000000 0.076608
1034.000000 0.065664
1035.000000 0.034192
1036.000000 0.109440
1037.000000 0.098496
1038.000000 0.109440
1039.000000 0.098496
1040.000000 0.076608
1041.000000 0.032832
1043.000000 0.086520
1044.000000 0.019960
1045.000000 0.043776
1046.000000 0.043776
1047.000000 0.054720
1048.000000 0.054720
1049.000000 0.054720
1050.000000 0.054720
1054.000000 0.043776
1055.000000 0.131328
1071.000000 0.029744
1073.000000 0.010944
1074.000000 0.065664
1075.000000 0.065664
1076.000000 0.054720
1077.000000 0.087552
1078.000000 0.065664
1079.000000 0.076608
1080.000000 0.098496
1088.000000 0.016560
1089.000000 0.043776
1091.000000 0.032832
1093.000000 0.021888
1094.000000 0.065664
1095.000000 0.010944
1097.000000 0.032832
1098.000000 0.032832
1099.000000 0.043776
1101.000000 0.032832
1102.000000 0.142272
1103.000000 0.076608
1105.000000 0.076608
1106.000000 0.043776
1108.000000 0.052704
1109.000000 0.043776
1110.000000 0.054720
1111.000000 0.043776
1112.000000 0.032832
1113.000000 0.054720
1114.000000 0.043776
1115.000000 0.054720
1116.000000 0.021888
1117.000000 0.065664
1118.000000 0.065664
1120.000000 0.018104
1121.000000 0.032832
1123.000000 0.043776
1124.000000 0.032832
1125.000000 0.043776
1126.000000 0.043776
1127.000000 0.032832
1128.000000 0.021888
1133.000000 0.000000
