0.000000 0.725232
1.000000 0.945264
2.000000 0.907960
3.000000 0.851584
4.000000 0.824272
5.000000 0.964192
6.000000 0.973688
7.000000 0.749136
8.000000 1.046704
9.000000 1.059472
10.000000 0.967408
11.000000 1.046400
12.000000 1.008168
13.000000 1.174056
14.000000 1.214784
15.000000 0.875088
16.000000 0.958768
17.000000 0.952528
18.000000 1.014200
19.000000 1.144720
20.000000 0.928296
21.000000 0.901248
22.000000 1.181952
23.000000 0.915312
24.000000 1.280448
25.000000 1.001992
26.000000 1.144328
27.000000 0.996880
29.000000 1.150648
30.000000 1.299112
31.000000 1.399184
32.000000 1.368000
33.000000 1.064424
34.000000 1.175528
35.000000 1.466496
36.000000 0.881384
37.000000 1.236672
38.000000 1.054008
39.000000 1.258560
40.000000 0.897760
41.000000 0.934248
42.000000 1.247616
43.000000 1.025144
44.000000 1.422720
45.000000 1.064256
46.000000 0.903064
47.000000 1.346112
48.000000 1.044840
49.000000 1.230136
50.000000 1.455552
51.000000 1.106712
52.000000 1.061024
53.000000 0.875520
54.000000 0.870112
55.000000 1.192896
56.000000 0.820800
57.000000 0.234512
58.000000 1.149120
59.000000 0.886464
60.000000 0.237816
61.000000 0.229824
62.000000 0.361152
64.000000 0.874192
65.000000 1.127232
66.000000 0.735000
67.000000 1.050624
68.000000 0.109440
69.000000 0.076608
70.000000 1.054672
71.000000 0.921392
72.000000 0.930240
73.000000 0.776224
74.000000 1.114704
76.000000 0.393984
77.000000 0.186048
78.000000 0.273600
79.000000 0.087552
80.000000 0.267760
81.000000 0.590976
82.000000 0.736176
83.000000 0.875520
84.000000 0.517552
85.000000 0.448704
86.000000 0.590976
87.000000 0.521592
88.000000 0.514368
89.000000 0.383040
90.000000 0.175104
91.000000 0.289640
92.000000 0.777024
93.000000 0.667352
94.000000 0.590976
95.000000 0.678528
96.000000 0.709568
97.000000 0.733248
98.000000 0.447464
99.000000 1.203840
101.000000 1.310488
102.000000 1.555208
103.000000 1.390016
104.000000 1.028736
105.000000 0.429896
106.000000 0.656640
107.000000 0.689992
108.000000 1.039680
109.000000 0.755136
110.000000 0.798352
111.000000 1.083456
112.000000 0.743896
113.000000 1.015040
114.000000 0.963072
115.000000 0.925552
116.000000 1.083456
117.000000 0.874632
118.000000 1.467752
119.000000 1.524288
120.000000 1.761984
121.000000 1.190992
122.000000 1.329832
123.000000 1.685376
125.000000 1.592088
126.000000 1.575936
127.000000 1.207544
128.000000 1.261672
129.000000 1.116640
130.000000 1.443352
131.000000 1.335168
132.000000 1.083456
133.000000 0.641632
134.000000 1.050624
135.000000 0.550744
136.000000 1.101208
137.000000 1.379992
138.000000 1.651888
139.000000 1.568464
140.000000 1.623176
141.000000 1.587880
142.000000 2.070400
143.000000 2.068416
144.000000 1.734968
145.000000 1.725256
146.000000 1.803816
148.000000 1.732008
149.000000 0.831744
150.000000 0.700416
151.000000 0.972304
152.000000 1.444608
153.000000 1.422720
154.000000 1.148096
155.000000 1.646984
156.000000 0.895464
157.000000 1.389888
158.000000 1.119312
159.000000 0.983536
160.000000 1.192896
161.000000 1.546568
162.000000 1.377040
164.000000 1.860480
165.000000 1.267608
166.000000 1.608768
167.000000 1.244320
168.000000 1.521216
169.000000 1.118072
170.000000 1.422720
171.000000 1.119936
172.000000 1.302336
173.000000 0.854840
174.000000 0.874256
175.000000 1.083456
176.000000 0.465800
177.000000 0.558144
178.000000 1.039680
179.000000 0.426816
180.000000 0.320272
181.000000 0.744192
182.000000 0.700416
183.000000 1.020128
184.000000 0.994832
185.000000 1.335168
186.000000 1.016920
187.000000 1.247616
188.000000 1.042568
189.000000 1.368000
190.000000 1.477440
191.000000 1.089920
192.000000 1.357056
193.000000 0.897408
194.000000 0.715496
195.000000 1.061568
196.000000 1.160064
197.000000 1.203840
198.000000 1.029728
199.000000 1.045368
200.000000 0.984960
201.000000 0.681944
202.000000 0.875520
203.000000 0.495392
204.000000 0.711360
205.000000 0.525312
206.000000 0.645552
207.000000 0.722304
208.000000 0.634752
209.000000 0.525312
211.000000 0.361728
212.000000 0.525312
213.000000 0.383040
214.000000 0.339264
215.000000 0.372096
216.000000 0.337800
217.000000 0.503424
218.000000 0.678528
219.000000 0.457624
220.000000 0.590976
221.000000 0.623808
222.000000 0.490504
223.000000 0.820800
224.000000 0.612704
225.000000 0.853632
226.000000 0.743632
227.000000 0.875520
228.000000 0.700624
229.000000 0.831744
230.000000 0.617600
231.000000 0.842688
232.000000 0.831744
233.000000 0.670376
234.000000 0.963072
235.000000 0.734384
236.000000 0.777024
237.000000 0.755136
238.000000 0.571376
239.000000 0.711360
240.000000 0.809856
241.000000 0.681936
242.000000 0.820800
243.000000 0.728944
244.000000 0.963072
245.000000 0.652600
246.000000 0.908352
247.000000 0.818024
248.000000 0.831744
249.000000 0.598496
250.000000 1.006848
251.000000 0.892808
252.000000 1.181952
253.000000 0.820800
254.000000 0.419592
255.000000 0.459648
256.000000 0.503424
257.000000 0.536256
259.000000 0.350400
260.000000 0.590976
261.000000 0.492480
262.000000 0.347008
263.000000 0.404928
264.000000 0.404928
265.000000 0.196312
266.000000 0.768392
267.000000 0.711088
268.000000 0.744192
269.000000 0.637192
270.000000 0.566008
271.000000 0.700416
272.000000 0.372096
273.000000 0.191064
274.000000 0.514368
275.000000 0.590976
276.000000 0.627080
277.000000 0.842688
278.000000 0.670608
279.000000 0.756952
280.000000 1.050624
281.000000 0.838832
283.000000 1.143016
284.000000 0.514368
285.000000 0.196992
287.000000 0.142272
288.000000 0.623624
289.000000 0.481536
291.000000 0.186048
293.000000 0.426816
294.000000 0.585576
295.000000 0.871120
296.000000 0.798912
297.000000 0.529344
298.000000 0.651128
299.000000 1.093384
300.000000 1.352640
301.000000 1.327912
302.000000 1.139672
303.000000 1.260872
304.000000 1.186072
305.000000 1.077680
306.000000 0.908352
307.000000 0.520928
308.000000 0.339264
309.000000 0.971976
310.000000 1.459336
311.000000 1.614160
312.000000 1.518928
313.000000 1.487048
314.000000 1.406960
315.000000 0.131072
316.000000 4.021976
317.000000 1.353088
318.000000 1.373656
320.000000 1.433920
321.000000 1.490296
322.000000 1.398952
323.000000 1.413280
324.000000 1.478296
325.000000 2.276352
326.000000 1.723088
327.000000 2.068416
328.000000 0.875256
329.000000 1.276328
330.000000 1.840128
331.000000 1.826616
332.000000 1.830880
333.000000 1.767512
334.000000 1.591160
335.000000 1.607808
336.000000 1.860448
337.000000 1.926144
338.000000 1.449640
339.000000 1.433888
340.000000 1.521216
341.000000 1.291392
342.000000 0.877032
343.000000 1.291392
344.000000 1.233584
345.000000 1.518560
346.000000 1.805760
347.000000 1.096064
348.000000 1.586880
349.000000 1.361408
350.000000 1.411776
351.000000 1.979768
352.000000 2.385528
353.000000 1.346112
355.000000 0.481536
356.000000 1.637248
357.000000 0.470592
358.000000 0.415872
359.000000 0.623808
360.000000 0.689472
362.000000 0.295488
363.000000 0.273600
364.000000 0.403320
365.000000 1.138176
366.000000 1.521464
367.000000 0.963072
369.000000 0.273600
370.000000 1.286376
371.000000 1.368000
372.000000 1.133376
373.000000 1.368112
374.000000 1.092456
375.000000 1.147776
376.000000 1.499328
377.000000 1.255632
378.000000 1.707264
379.000000 1.318288
380.000000 1.718208
381.000000 1.267912
382.000000 1.422720
383.000000 1.033824
384.000000 1.346112
385.000000 1.019296
386.000000 1.149120
387.000000 1.149120
388.000000 0.618440
389.000000 1.247616
390.000000 1.312592
391.000000 1.269504
392.000000 0.958224
393.000000 0.893024
394.000000 1.335168
395.000000 0.883112
396.000000 0.952944
397.000000 1.171008
398.000000 1.032296
399.000000 0.999960
400.000000 1.002784
401.000000 1.236672
402.000000 0.959056
403.000000 0.913392
404.000000 0.744192
406.000000 0.898752
407.000000 0.809856
408.000000 0.853632
409.000000 0.919296
410.000000 0.781584
411.000000 1.138176
412.000000 1.357056
413.000000 1.140000
414.000000 1.586880
415.000000 0.968056
416.000000 0.798912
417.000000 0.396600
418.000000 1.050624
419.000000 0.876352
420.000000 0.623808
421.000000 0.733248
422.000000 0.831744
423.000000 0.612320
424.000000 0.733248
425.000000 0.733248
426.000000 0.525088
427.000000 0.711360
428.000000 0.645696
429.000000 0.525312
430.000000 0.555144
431.000000 0.656640
432.000000 0.558144
433.000000 0.415872
434.000000 0.221848
435.000000 0.207936
436.000000 0.689472
438.000000 1.010184
439.000000 1.411776
440.000000 1.281040
441.000000 1.111000
442.000000 1.427384
443.000000 1.604760
444.000000 1.491840
445.000000 1.410192
446.000000 1.603960
447.000000 1.448464
448.000000 1.631424
449.000000 1.804800
450.000000 1.548408
451.000000 1.457432
452.000000 1.621944
453.000000 1.718968
454.000000 1.591712
455.000000 1.510272
456.000000 0.510744
457.000000 0.995904
458.000000 1.236672
459.000000 0.903016
460.000000 0.553704
461.000000 0.623808
462.000000 0.990224
463.000000 1.645736
464.000000 1.860480
465.000000 1.621088
466.000000 1.265256
467.000000 1.411776
468.000000 1.288696
469.000000 1.420776
470.000000 1.491808
471.000000 1.302336
472.000000 0.941184
473.000000 0.930240
474.000000 0.471352
475.000000 0.514368
476.000000 0.853632
477.000000 0.711360
479.000000 0.621736
480.000000 0.766080
481.000000 0.733248
482.000000 0.508224
483.000000 0.919296
484.000000 0.691960
485.000000 0.875520
486.000000 0.787968
487.000000 0.773368
488.000000 1.072512
489.000000 0.777024
490.000000 1.094400
491.000000 0.782152
492.000000 0.590976
493.000000 0.908352
494.000000 0.796088
495.000000 1.136552
496.000000 0.777024
497.000000 0.820800
498.000000 0.830192
499.000000 0.755296
500.000000 0.711360
501.000000 0.668680
502.000000 0.612864
503.000000 0.656640
504.000000 0.535584
505.000000 0.612864
506.000000 0.406648
507.000000 0.897408
508.000000 0.925024
509.000000 1.104768
510.000000 0.963072
511.000000 0.841184
512.000000 1.280448
513.000000 0.891120
514.000000 1.346112
515.000000 1.128352
516.000000 1.038672
517.000000 1.089496
518.000000 1.050624
519.000000 1.180728
520.000000 0.613808
521.000000 1.499328
522.000000 1.092088
523.000000 1.250320
524.000000 1.324224
525.000000 0.572752
526.000000 1.346112
527.000000 0.958304
528.000000 1.094400
529.000000 0.908352
531.000000 0.131072
532.000000 1.788792
533.000000 0.689472
534.000000 0.766080
535.000000 0.652736
536.000000 0.908352
537.000000 0.828760
538.000000 1.171008
539.000000 0.966096
540.000000 1.641600
541.000000 1.554824
542.000000 0.948152
543.000000 1.609528
544.000000 1.674432
545.000000 1.067840
546.000000 0.771200
547.000000 0.777024
548.000000 0.952712
549.000000 1.838592
550.000000 1.390176
551.000000 1.904256
552.000000 1.437320
554.000000 1.276392
555.000000 0.963072
556.000000 0.503424
557.000000 0.632752
558.000000 0.908352
559.000000 0.941184
560.000000 0.787936
561.000000 1.455552
562.000000 0.829104
563.000000 0.798912
565.000000 0.186048
566.000000 0.415968
567.000000 0.437760
568.000000 0.569088
569.000000 0.547200
571.000000 0.307128
572.000000 0.700416
573.000000 0.633704
574.000000 0.886464
575.000000 0.880808
576.000000 1.072512
577.000000 1.032720
578.000000 1.037360
579.000000 0.906392
580.000000 1.324224
581.000000 0.609024
583.000000 0.229824
584.000000 0.393984
585.000000 0.429712
586.000000 0.503424
587.000000 0.437760
588.000000 0.355984
589.000000 0.514368
590.000000 0.601920
591.000000 0.567768
592.000000 0.919296
593.000000 1.181952
594.000000 0.849784
595.000000 0.930240
596.000000 0.952128
597.000000 0.684448
598.000000 0.995904
599.000000 0.778728
601.000000 1.190296
602.000000 1.302336
603.000000 1.138800
604.000000 1.141208
605.000000 0.858376
606.000000 0.910176
607.000000 0.842688
608.000000 0.596104
609.000000 1.105344
610.000000 0.889784
611.000000 0.636424
612.000000 1.044280
613.000000 1.261624
614.000000 0.612864
615.000000 0.372096
616.000000 0.131072
617.000000 0.972704
618.000000 0.707184
619.000000 0.984960
620.000000 0.809296
621.000000 1.171008
622.000000 0.904608
623.000000 1.554048
624.000000 1.295616
626.000000 1.173112
627.000000 1.267336
628.000000 1.281808
629.000000 1.209232
630.000000 1.243464
631.000000 1.336120
632.000000 1.192896
633.000000 0.876160
634.000000 1.199608
635.000000 1.149120
636.000000 0.974016
637.000000 0.467928
638.000000 0.897408
639.000000 0.669544
640.000000 0.853632
641.000000 0.689472
642.000000 0.470592
643.000000 0.153216
644.000000 0.087552
645.000000 0.358104
646.000000 0.229824
648.000000 0.120384
649.000000 0.087552
697.000000 0.021888
698.000000 0.032832
700.000000 0.054720
701.000000 0.065664
702.000000 0.054720
703.000000 0.043776
704.000000 0.164160
705.000000 0.131328
706.000000 0.142272
707.000000 0.131328
709.000000 0.164160
710.000000 0.109440
712.000000 0.084600
713.000000 0.142272
714.000000 0.175104
715.000000 0.175104
716.000000 0.153216
717.000000 0.074432
718.000000 0.131328
720.000000 0.186048
721.000000 0.131328
722.000000 0.114256
723.000000 0.218880
724.000000 0.131328
725.000000 0.143752
726.000000 0.142272
727.000000 0.098496
728.000000 0.109440
729.000000 0.045840
730.000000 0.041848
732.000000 0.109440
733.000000 0.098496
734.000000 0.076608
735.000000 0.076608
736.000000 0.043776
737.000000 0.035496
739.000000 0.043776
740.000000 0.043776
741.000000 0.087552
742.000000 0.054720
744.000000 0.054720
745.000000 0.054720
746.000000 0.043776
747.000000 0.043776
748.000000 0.032832
749.000000 0.021672
750.000000 0.054720
751.000000 0.065664
752.000000 0.065664
753.000000 0.076608
754.000000 0.076608
756.000000 0.087976
757.000000 0.054720
758.000000 0.054720
759.000000 0.065664
760.000000 0.065664
761.000000 0.065664
763.000000 0.054720
764.000000 0.054720
765.000000 0.050840
766.000000 0.131328
767.000000 0.098496
768.000000 0.131328
770.000000 0.057760
771.000000 0.153216
772.000000 0.109440
773.000000 0.120384
775.000000 0.072320
776.000000 0.098496
777.000000 0.076608
778.000000 0.065664
779.000000 0.054720
780.000000 0.054720
781.000000 0.054720
782.000000 0.043776
784.000000 0.029616
785.000000 0.065664
787.000000 0.043776
788.000000 0.054720
789.000000 0.043776
790.000000 0.043776
792.000000 0.032832
793.000000 0.032832
819.000000 0.010944
821.000000 0.076608
823.000000 0.063912
825.000000 0.054720
826.000000 0.065664
827.000000 0.065664
828.000000 0.120384
829.000000 0.120384
830.000000 0.090296
831.000000 0.131328
833.000000 0.153216
834.000000 0.142272
835.000000 0.151592
836.000000 0.074672
837.000000 0.142272
838.000000 0.153216
839.000000 0.153216
841.000000 0.137896
842.000000 0.041840
843.000000 0.142272
844.000000 0.164160
845.000000 0.164160
846.000000 0.162968
847.000000 0.074672
848.000000 0.164160
849.000000 0.207936
850.000000 0.164160
852.000000 0.175104
853.000000 0.098176
854.000000 0.164160
855.000000 0.153216
856.000000 0.175104
857.000000 0.108528
858.000000 0.164160
859.000000 0.164160
860.000000 0.175104
861.000000 0.132280
862.000000 0.164160
863.000000 0.164160
864.000000 0.164160
865.000000 0.112904
866.000000 0.164160
867.000000 0.153216
868.000000 0.154240
870.000000 0.175104
871.000000 0.164160
872.000000 0.164160
873.000000 0.100816
874.000000 0.164160
875.000000 0.175104
876.000000 0.127304
877.000000 0.164160
878.000000 0.164160
879.000000 0.069480
880.000000 0.175104
881.000000 0.164160
882.000000 0.153216
883.000000 0.106392
884.000000 0.175104
886.000000 0.087552
888.000000 0.299712
889.000000 0.065664
890.000000 0.098496
891.000000 0.098496
892.000000 0.109440
893.000000 0.087552
895.000000 0.109440
896.000000 0.084384
897.000000 0.153216
898.000000 0.164160
899.000000 0.175104
901.000000 0.133296
902.000000 0.164160
905.000000 0.065664
906.000000 0.427720
907.000000 0.142272
908.000000 0.186048
909.000000 0.153216
911.000000 0.119376
912.000000 0.175104
913.000000 0.164160
914.000000 0.120384
915.000000 0.130184
916.000000 0.041840
917.000000 0.175104
919.000000 0.142272
920.000000 0.153216
921.000000 0.136696
922.000000 0.142272
924.000000 0.120384
925.000000 0.065664
926.000000 0.087552
927.000000 0.098496
928.000000 0.065664
929.000000 0.066344
930.000000 0.065664
932.000000 0.065664
933.000000 0.054720
934.000000 0.054720
935.000000 0.054720
936.000000 0.065664
938.000000 0.054720
939.000000 0.021888
940.000000 0.065664
942.000000 0.031936
943.000000 0.043776
944.000000 0.043776
945.000000 0.032832
947.000000 0.054720
948.000000 0.043776
949.000000 0.032832
964.000000 0.010944
968.000000 0.065664
969.000000 0.207936
971.000000 0.076608
974.000000 0.018120
975.000000 0.065664
976.000000 0.131328
977.000000 0.153216
978.000000 0.109440
980.000000 0.109440
981.000000 0.054720
982.000000 0.065664
983.000000 0.042760
984.000000 0.054720
985.000000 0.054720
986.000000 0.054720
987.000000 0.065664
988.000000 0.054720
990.000000 0.065664
991.000000 0.087552
992.000000 0.087552
993.000000 0.131328
994.000000 0.109440
995.000000 0.090832
996.000000 0.153216
997.000000 0.109440
998.000000 0.142272
999.000000 0.142272
1000.000000 0.096024
1001.000000 0.164160
1002.000000 0.142272
1003.000000 0.153216
1004.000000 0.064512
1005.000000 0.153216
1006.000000 0.153216
1008.000000 0.133320
1009.000000 0.131328
1010.000000 0.153216
1011.000000 0.109440
1012.000000 0.112800
1013.000000 0.098496
1014.000000 0.120384
1015.000000 0.131328
1016.000000 0.104536
1017.000000 0.065664
1018.000000 0.109440
1020.000000 0.120384
1021.000000 0.098496
1023.000000 0.123456
1024.000000 0.074672
1025.000000 0.142272
1026.000000 0.153216
1027.000000 0.120384
1029.000000 0.087552
1030.000000 0.076608
1031.000000 0.076608
1032.000000 0.043160
1034.000000 0.076608
1035.000000 0.054720
1036.000000 0.153216
1037.000000 0.043776
1038.000000 0.120384
1040.000000 0.080792
1041.000000 0.087552
1041.000000 0.076608
