0.000000 0.350208
1.000000 0.884768
1.000000 0.114064
3.000000 0.595048
4.000000 1.088128
5.000000 0.590976
6.000000 0.625656
7.000000 0.861272
8.000000 0.843800
9.000000 0.761392
10.000000 0.602184
11.000000 0.196992
12.000000 0.567032
13.000000 0.968024
14.000000 1.553792
15.000000 1.207760
17.000000 1.294712
18.000000 1.497232
19.000000 1.324336
20.000000 1.303656
21.000000 1.195944
22.000000 1.411344
23.000000 1.407472
24.000000 1.652944
25.000000 0.983840
26.000000 1.543024
27.000000 1.530648
28.000000 1.537640
29.000000 1.026688
30.000000 1.099168
31.000000 1.133520
32.000000 1.248952
33.000000 0.897800
34.000000 0.764984
35.000000 0.951376
36.000000 1.083008
37.000000 1.311088
38.000000 1.334792
39.000000 1.342096
40.000000 1.423328
41.000000 1.274888
42.000000 1.640400
43.000000 1.199736
44.000000 1.813720
46.000000 1.913208
47.000000 1.581040
48.000000 1.846424
49.000000 1.279792
50.000000 1.376664
51.000000 1.601960
52.000000 1.096472
53.000000 1.674448
54.000000 1.406472
55.000000 1.681680
56.000000 1.862024
57.000000 1.085616
58.000000 1.408064
59.000000 1.981528
60.000000 1.162056
61.000000 1.303504
62.000000 1.615104
63.000000 1.762328
64.000000 1.401032
65.000000 0.959880
66.000000 1.564056
68.000000 1.444464
69.000000 0.470592
70.000000 0.565912
71.000000 0.798912
72.000000 0.506632
73.000000 0.623808
74.000000 0.812448
75.000000 1.097680
76.000000 0.645696
77.000000 0.218880
78.000000 0.221088
79.000000 0.590976
80.000000 0.229824
82.000000 0.175104
83.000000 1.513656
84.000000 0.715016
85.000000 0.673736
86.000000 0.777520
87.000000 0.806520
88.000000 0.834616
89.000000 0.994496
90.000000 0.306432
91.000000 0.098496
92.000000 0.350208
93.000000 0.286016
95.000000 0.393984
96.000000 0.711360
97.000000 0.604432
98.000000 0.350208
99.000000 0.350208
100.000000 0.525312
101.000000 0.312808
102.000000 0.448704
103.000000 0.426816
104.000000 0.251712
105.000000 0.219936
106.000000 0.700416
107.000000 0.803208
108.000000 0.721504
109.000000 0.678528
110.000000 0.526472
111.000000 0.798912
112.000000 0.634752
113.000000 0.471320
114.000000 0.590976
115.000000 0.551400
116.000000 0.237200
117.000000 0.306432
118.000000 0.745504
119.000000 0.853632
120.000000 0.319728
121.000000 0.383040
122.000000 0.820800
123.000000 0.642432
124.000000 0.831744
125.000000 0.574568
126.000000 0.731048
127.000000 0.589032
128.000000 0.726008
129.000000 0.842688
130.000000 0.733496
131.000000 0.856248
132.000000 0.866160
133.000000 0.838192
134.000000 0.897408
135.000000 0.647736
136.000000 0.692920
137.000000 0.818608
138.000000 0.875520
139.000000 0.641424
140.000000 0.875520
142.000000 0.704824
143.000000 0.941184
144.000000 0.798912
145.000000 0.521528
146.000000 0.809856
147.000000 0.590928
148.000000 0.647656
149.000000 0.655904
150.000000 0.662272
151.000000 0.809856
152.000000 0.698840
153.000000 0.744080
154.000000 0.904720
155.000000 1.010888
156.000000 1.007688
157.000000 1.132872
158.000000 1.013144
159.000000 1.118792
160.000000 0.942824
161.000000 1.373952
162.000000 0.764136
163.000000 0.708384
164.000000 0.700416
165.000000 0.566560
166.000000 0.700416
167.000000 0.603224
168.000000 0.744192
169.000000 0.598464
170.000000 0.722304
171.000000 0.627112
172.000000 0.867312
173.000000 1.108248
174.000000 1.003000
175.000000 1.171008
176.000000 1.078480
177.000000 1.036504
179.000000 0.970816
180.000000 0.744192
181.000000 0.546520
182.000000 0.768392
183.000000 0.732976
184.000000 0.777024
185.000000 0.549640
186.000000 0.489400
187.000000 0.623808
188.000000 0.656640
189.000000 0.442776
190.000000 0.262656
191.000000 0.142272
192.000000 0.558144
193.000000 0.123656
194.000000 0.328320
195.000000 0.426816
196.000000 0.517392
198.000000 1.315096
199.000000 1.497416
200.000000 1.092456
201.000000 0.825640
202.000000 0.864576
203.000000 0.984776
204.000000 0.935784
205.000000 0.608464
206.000000 0.733248
207.000000 0.430848
208.000000 0.601920
209.000000 0.415872
210.000000 0.213368
211.000000 0.383040
212.000000 0.361152
213.000000 0.349192
214.000000 0.459648
215.000000 0.459648
216.000000 0.389568
217.000000 0.536256
218.000000 0.452392
219.000000 0.547200
220.000000 0.296984
221.000000 0.426816
222.000000 0.481536
223.000000 0.319688
224.000000 0.251712
225.000000 0.196992
226.000000 0.229280
227.000000 0.153216
228.000000 0.109440
230.000000 0.766416
231.000000 0.768488
232.000000 0.914648
233.000000 0.940720
234.000000 0.888408
235.000000 0.881720
236.000000 1.159904
237.000000 1.158864
238.000000 1.318384
239.000000 1.101912
240.000000 1.204672
241.000000 1.145872
242.000000 1.295728
243.000000 1.160128
244.000000 1.209832
245.000000 0.681576
246.000000 0.777328
247.000000 0.786168
249.000000 0.514368
250.000000 0.339264
251.000000 0.200256
252.000000 0.415872
253.000000 0.229824
254.000000 0.149480
255.000000 0.186048
256.000000 0.186048
257.000000 0.279424
258.000000 0.437760
259.000000 0.424152
260.000000 0.558144
261.000000 0.513464
262.000000 0.530648
264.000000 0.416160
265.000000 0.424880
266.000000 0.398000
267.000000 0.343592
268.000000 0.448704
269.000000 0.395520
270.000000 0.076608
273.000000 0.240768
274.000000 0.175104
278.000000 0.038904
279.000000 0.240768
280.000000 0.393984
281.000000 0.423280
282.000000 0.528136
283.000000 0.642464
284.000000 0.835568
285.000000 0.915600
286.000000 1.119248
287.000000 1.107728
288.000000 0.869848
289.000000 0.708624
290.000000 0.557120
291.000000 0.776232
292.000000 0.963624
293.000000 0.825880
294.000000 0.998848
295.000000 1.122824
296.000000 0.927232
297.000000 1.091536
298.000000 1.030000
299.000000 1.158784
300.000000 0.905648
301.000000 1.053992
302.000000 0.459648
303.000000 0.676096
304.000000 0.814160
305.000000 0.820792
306.000000 0.828960
307.000000 0.931560
309.000000 0.910824
310.000000 0.995720
311.000000 1.103544
312.000000 0.874056
313.000000 0.862680
314.000000 0.974832
315.000000 0.962232
316.000000 1.121560
317.000000 1.129840
318.000000 1.238464
319.000000 1.122648
320.000000 1.128696
321.000000 1.030128
322.000000 1.091152
323.000000 0.909616
324.000000 1.019480
325.000000 0.855832
326.000000 0.918240
327.000000 0.978376
328.000000 1.282904
329.000000 1.142176
331.000000 1.107408
332.000000 1.095600
333.000000 1.171064
334.000000 1.265328
335.000000 1.158816
336.000000 1.175720
337.000000 1.065152
338.000000 1.074800
339.000000 0.501936
340.000000 0.942344
341.000000 0.662256
342.000000 0.534984
344.000000 0.540728
345.000000 0.496704
346.000000 0.459648
347.000000 0.290920
348.000000 0.664544
349.000000 0.939472
350.000000 0.668544
351.000000 0.651784
352.000000 0.445472
353.000000 0.054720
354.000000 0.957880
355.000000 1.062360
356.000000 1.031728
358.000000 0.988112
359.000000 0.272920
360.000000 0.652416
361.000000 0.633168
362.000000 0.776800
363.000000 0.859392
364.000000 0.826216
365.000000 0.635600
366.000000 0.882952
367.000000 0.704576
368.000000 0.694528
369.000000 0.795872
370.000000 0.680200
371.000000 0.928064
373.000000 0.772376
374.000000 0.930376
375.000000 0.713808
376.000000 0.613288
377.000000 0.193112
378.000000 0.375136
379.000000 0.794624
380.000000 0.520344
381.000000 0.735992
382.000000 0.784408
383.000000 0.770712
384.000000 0.828616
385.000000 0.601600
386.000000 0.688560
387.000000 0.661056
388.000000 0.756160
389.000000 0.582352
390.000000 0.689264
391.000000 0.642648
392.000000 0.638976
393.000000 0.631584
394.000000 0.669552
395.000000 0.701320
396.000000 0.589968
397.000000 0.653560
398.000000 0.618232
399.000000 0.733928
400.000000 0.655744
401.000000 0.521544
402.000000 0.436744
403.000000 0.536256
404.000000 0.681808
406.000000 0.740568
407.000000 0.855624
408.000000 0.600376
409.000000 0.537392
410.000000 0.754520
411.000000 0.671768
412.000000 0.724912
413.000000 0.642192
414.000000 0.707536
415.000000 0.521720
416.000000 0.459648
418.000000 0.317088
419.000000 0.147912
420.000000 0.437760
421.000000 0.457072
422.000000 0.315416
423.000000 0.196992
424.000000 0.204456
425.000000 0.596312
426.000000 0.593008
427.000000 0.680232
428.000000 0.784816
429.000000 0.738152
430.000000 0.755976
431.000000 0.626336
432.000000 0.820800
433.000000 0.160552
434.000000 0.696632
435.000000 1.013408
436.000000 0.875520
437.000000 0.829336
439.000000 0.903416
440.000000 0.728360
441.000000 0.601920
442.000000 0.439864
443.000000 0.525312
444.000000 0.263216
445.000000 0.372096
446.000000 0.627984
447.000000 1.424192
448.000000 1.125288
449.000000 1.147192
450.000000 1.244544
451.000000 0.997760
452.000000 0.695592
453.000000 1.110376
454.000000 1.326320
455.000000 1.238344
456.000000 1.269504
457.000000 0.946824
458.000000 1.034952
459.000000 0.798912
460.000000 0.569088
461.000000 0.639504
462.000000 0.820800
463.000000 0.688720
464.000000 0.864576
465.000000 0.813384
467.000000 0.919296
468.000000 0.723384
469.000000 0.769760
470.000000 0.865016
471.000000 0.969192
472.000000 0.834064
473.000000 0.470592
474.000000 0.663600
475.000000 0.666280
476.000000 0.842688
477.000000 0.658672
478.000000 0.590976
479.000000 0.337680
480.000000 0.631896
481.000000 0.824800
482.000000 0.857200
483.000000 0.634752
484.000000 0.295624
486.000000 0.766080
487.000000 0.479112
488.000000 0.573464
489.000000 0.733248
490.000000 0.667080
491.000000 0.722464
492.000000 0.777136
493.000000 1.031760
494.000000 0.775080
495.000000 0.833120
496.000000 0.841008
497.000000 1.145344
498.000000 0.906408
499.000000 0.826744
500.000000 1.030648
501.000000 1.050624
502.000000 0.719728
503.000000 0.897408
504.000000 0.808360
505.000000 1.039680
506.000000 0.885448
507.000000 0.986584
508.000000 1.001552
509.000000 0.993512
510.000000 0.967080
511.000000 1.149096
512.000000 1.177528
514.000000 1.153712
515.000000 1.225728
516.000000 0.597280
517.000000 0.647720
518.000000 0.700416
519.000000 0.406640
520.000000 0.481536
521.000000 0.459648
522.000000 0.608728
523.000000 0.470592
524.000000 0.021888
525.000000 0.716744
526.000000 0.650712
527.000000 0.656640
528.000000 0.367280
529.000000 0.164160
530.000000 1.094472
531.000000 0.835152
532.000000 0.982296
533.000000 0.856728
534.000000 0.848960
536.000000 0.914120
537.000000 0.886464
538.000000 0.509584
539.000000 0.645696
540.000000 0.087552
541.000000 0.404928
542.000000 1.049800
543.000000 1.224344
544.000000 1.209792
545.000000 1.067288
546.000000 1.367432
547.000000 1.342504
548.000000 1.422720
549.000000 0.821584
550.000000 1.203840
551.000000 1.056536
552.000000 1.061568
554.000000 1.184472
555.000000 1.214784
556.000000 1.192896
557.000000 0.858288
558.000000 1.258560
559.000000 0.871552
560.000000 1.433664
561.000000 1.056416
562.000000 1.400832
563.000000 0.934744
564.000000 1.008976
565.000000 1.357056
566.000000 0.999560
567.000000 1.422720
568.000000 1.378944
569.000000 1.107232
570.000000 1.138176
571.000000 0.689472
572.000000 0.678528
573.000000 0.591536
574.000000 0.908352
575.000000 0.963072
576.000000 1.006848
577.000000 0.880832
578.000000 1.269504
579.000000 1.379280
580.000000 1.575936
581.000000 1.384896
582.000000 1.674432
583.000000 1.227416
585.000000 1.466496
586.000000 0.842688
587.000000 0.974016
588.000000 1.041352
589.000000 1.586880
590.000000 1.433664
591.000000 1.192896
592.000000 0.732888
593.000000 1.357056
594.000000 1.171008
595.000000 1.411776
596.000000 1.353440
597.000000 1.608768
598.000000 1.597824
599.000000 1.116288
600.000000 0.583600
601.000000 1.477440
602.000000 1.740096
603.000000 1.158584
604.000000 1.006848
605.000000 0.820800
606.000000 0.547200
607.000000 0.339264
608.000000 0.109440
609.000000 0.087552
610.000000 0.207936
670.000000 0.032832
671.000000 0.076608
672.000000 0.164160
673.000000 0.164160
676.000000 0.065808
677.000000 0.076608
678.000000 0.120384
679.000000 0.109440
680.000000 0.142272
681.000000 0.120384
682.000000 0.262656
683.000000 0.131328
684.000000 0.153216
686.000000 0.164160
687.000000 0.164160
688.000000 0.153216
689.000000 0.142272
690.000000 0.153216
691.000000 0.109440
692.000000 0.142272
693.000000 0.131328
694.000000 0.142272
696.000000 0.098496
697.000000 0.142272
698.000000 0.164160
699.000000 0.218880
700.000000 0.218880
701.000000 0.207936
702.000000 0.207936
703.000000 0.218880
704.000000 0.229824
705.000000 0.218880
706.000000 0.218880
707.000000 0.206864
708.000000 0.052776
709.000000 0.186048
710.000000 0.218880
711.000000 0.218880
712.000000 0.218880
713.000000 0.186048
714.000000 0.218880
715.000000 0.229824
716.000000 0.218880
717.000000 0.207936
718.000000 0.131328
719.000000 0.164160
721.000000 0.218880
722.000000 0.196992
723.000000 0.207936
724.000000 0.175104
725.000000 0.240768
726.000000 0.251712
727.000000 0.207936
728.000000 0.175104
729.000000 0.186048
730.000000 0.186048
731.000000 0.175104
732.000000 0.153216
733.000000 0.175104
734.000000 0.175104
735.000000 0.153216
736.000000 0.164160
738.000000 0.140768
740.000000 0.009000
741.000000 0.098496
743.000000 0.087552
744.000000 0.065664
745.000000 0.065664
746.000000 0.043776
748.000000 0.043776
749.000000 0.010944
750.000000 0.043776
752.000000 0.032832
753.000000 0.032832
770.000000 0.054720
771.000000 0.120384
773.000000 0.175104
774.000000 0.142272
775.000000 0.120384
776.000000 0.076608
777.000000 0.076608
778.000000 0.065664
780.000000 0.054720
781.000000 0.065664
782.000000 0.065664
783.000000 0.065664
784.000000 0.098496
785.000000 0.109440
786.000000 0.087552
788.000000 0.109440
789.000000 0.098496
790.000000 0.131328
791.000000 0.142272
792.000000 0.131328
793.000000 0.109440
794.000000 0.131328
795.000000 0.142272
796.000000 0.120384
797.000000 0.164160
798.000000 0.065664
799.000000 0.142272
800.000000 0.098496
802.000000 0.164160
803.000000 0.109440
804.000000 0.109440
805.000000 0.076608
806.000000 0.087552
807.000000 0.087552
808.000000 0.120384
816.000000 0.010944
818.000000 1.217752
819.000000 0.142272
820.000000 0.164160
823.000000 0.142016
824.000000 0.405184
825.000000 0.164160
826.000000 0.153216
827.000000 0.164160
828.000000 0.164160
829.000000 0.164160
830.000000 0.131328
831.000000 0.153216
832.000000 0.164160
833.000000 0.164160
834.000000 0.164160
835.000000 0.164160
836.000000 0.153216
842.000000 0.196736
843.000000 0.700672
844.000000 0.076608
845.000000 0.065664
846.000000 0.054720
847.000000 0.054720
848.000000 0.076608
871.000000 0.032832
872.000000 0.010944
873.000000 0.043776
874.000000 0.120384
876.000000 0.131328
877.000000 0.131328
878.000000 0.153216
879.000000 0.131328
880.000000 0.120384
881.000000 0.131328
882.000000 0.120384
883.000000 0.207936
884.000000 0.186048
885.000000 0.175104
886.000000 0.131328
887.000000 0.186048
888.000000 0.101512
890.000000 0.164160
891.000000 0.207936
892.000000 0.164160
893.000000 0.164160
894.000000 0.164160
895.000000 0.186048
896.000000 0.196992
897.000000 0.196992
898.000000 0.207936
899.000000 0.207936
900.000000 0.175104
901.000000 0.186048
902.000000 0.175104
903.000000 0.186048
904.000000 0.186048
906.000000 0.175104
907.000000 0.175104
908.000000 0.142272
909.000000 0.196992
910.000000 0.186048
911.000000 0.153216
912.000000 0.142272
913.000000 0.186048
914.000000 0.196992
915.000000 0.186048
916.000000 0.175104
918.000000 0.142272
919.000000 0.164160
920.000000 0.131328
921.000000 0.153216
922.000000 0.153216
923.000000 0.186048
926.000000 0.146720
927.000000 0.065664
928.000000 0.142272
931.000000 0.207680
932.000000 0.339520
933.000000 0.120384
934.000000 0.120384
935.000000 0.098496
937.000000 0.098496
938.000000 0.109440
939.000000 0.109440
940.000000 0.076608
944.000000 0.032832
945.000000 0.087552
946.000000 0.120384
947.000000 0.153216
948.000000 0.142272
949.000000 0.142272
950.000000 0.142272
952.000000 0.153216
953.000000 0.109440
954.000000 0.153216
955.000000 0.153216
956.000000 0.175104
957.000000 0.120384
958.000000 0.131328
959.000000 0.142272
960.000000 0.076608
961.000000 0.087552
963.000000 0.087552
964.000000 0.076608
965.000000 0.065664
966.000000 0.098496
967.000000 0.087552
968.000000 0.120384
969.000000 0.153216
970.000000 0.109440
971.000000 0.087552
972.000000 0.054720
973.000000 0.076608
975.000000 0.076608
976.000000 0.076608
977.000000 0.076608
978.000000 0.076608
979.000000 0.076608
980.000000 0.076608
981.000000 0.076608
982.000000 0.076608
983.000000 0.065664
1000.000000 0.010944
1001.000000 0.131328
1002.000000 0.120384
1004.000000 0.186048
1007.000000 0.966464
1008.000000 0.043776
1009.000000 0.043776
1010.000000 0.076608
1012.000000 0.065664
1013.000000 0.076608
1014.000000 0.054720
1015.000000 0.065664
1017.000000 0.043776
1018.000000 0.043776
1019.000000 0.043776
1020.000000 0.043776
1021.000000 0.065664
1022.000000 0.065664
1030.000000 0.000000
