0.000000 0.667584
1.000000 0.645696
2.000000 0.240768
3.000000 0.514368
4.000000 0.284544
5.000000 0.470592
6.000000 0.617408
7.000000 0.984960
8.000000 0.262656
10.000000 0.590976
11.000000 0.809856
12.000000 0.814400
13.000000 0.612864
14.000000 0.492480
15.000000 1.652544
16.000000 1.689920
17.000000 1.788416
18.000000 2.254464
19.000000 1.678976
20.000000 1.816704
21.000000 1.481984
22.000000 1.619712
23.000000 1.131776
24.000000 0.711360
25.000000 0.875520
26.000000 1.503872
27.000000 1.564992
28.000000 1.711808
29.000000 1.816704
30.000000 1.503872
31.000000 1.772928
32.000000 1.657088
33.000000 1.871424
34.000000 1.536704
35.000000 1.214784
36.000000 1.258560
37.000000 0.518912
38.000000 1.105344
39.000000 1.696320
40.000000 1.306880
41.000000 1.751040
42.000000 1.492928
43.000000 1.882368
44.000000 1.503872
45.000000 2.145024
46.000000 1.788416
47.000000 1.755584
48.000000 1.958976
49.000000 1.996352
50.000000 2.287296
51.000000 1.821248
52.000000 1.678976
53.000000 1.915200
54.000000 1.361576
55.000000 1.269504
56.000000 1.335168
57.000000 1.208408
58.000000 1.499328
59.000000 1.405376
60.000000 1.586880
61.000000 1.525760
62.000000 1.510272
63.000000 1.302336
64.000000 1.306880
65.000000 1.543104
66.000000 0.891008
68.000000 1.302336
69.000000 1.203840
70.000000 0.601920
71.000000 0.486080
72.000000 1.017792
73.000000 0.974016
74.000000 0.098496
75.000000 0.207936
76.000000 0.715904
77.000000 1.554048
78.000000 1.521216
79.000000 0.683072
80.000000 0.623808
82.000000 0.164160
83.000000 0.262656
84.000000 0.842688
85.000000 0.880064
86.000000 1.028736
87.000000 0.963072
88.000000 1.050624
89.000000 0.453248
90.000000 1.269504
91.000000 0.853632
92.000000 0.262656
93.000000 0.514368
94.000000 0.694016
95.000000 0.974016
96.000000 1.171008
97.000000 1.000448
98.000000 1.039680
99.000000 0.798912
100.000000 1.000448
101.000000 0.886464
102.000000 0.612864
103.000000 0.623808
104.000000 0.634752
105.000000 0.518912
106.000000 0.974016
107.000000 1.083456
108.000000 0.963072
109.000000 1.077056
110.000000 0.963072
111.000000 1.503872
112.000000 1.378944
113.000000 1.083456
114.000000 1.186496
116.000000 1.991808
117.000000 0.912896
118.000000 0.590976
119.000000 0.601920
120.000000 1.006848
121.000000 1.088000
122.000000 1.543104
123.000000 1.663488
124.000000 1.339712
125.000000 1.641600
126.000000 0.978560
127.000000 1.521216
128.000000 1.372544
129.000000 1.641600
130.000000 1.383488
131.000000 1.783872
132.000000 1.678976
133.000000 1.860480
134.000000 1.668032
135.000000 1.751040
136.000000 1.547648
137.000000 1.718208
138.000000 1.580480
139.000000 1.805760
140.000000 0.989504
141.000000 1.674432
142.000000 1.613312
143.000000 1.740096
144.000000 1.525760
145.000000 1.521216
146.000000 1.663488
147.000000 1.602368
148.000000 1.766528
149.000000 1.761984
150.000000 1.744640
151.000000 1.882368
152.000000 1.613312
153.000000 1.389888
154.000000 1.429984
155.000000 1.080736
156.000000 1.564992
157.000000 1.361600
158.000000 1.017792
159.000000 1.711808
160.000000 1.510272
162.000000 1.591432
163.000000 1.630656
164.000000 1.646144
165.000000 1.849536
166.000000 1.722752
167.000000 2.352960
168.000000 1.919744
169.000000 1.985408
170.000000 2.134080
171.000000 1.865024
172.000000 2.451456
173.000000 1.646144
174.000000 1.744640
175.000000 1.969920
176.000000 1.427264
177.000000 1.313280
178.000000 1.411776
179.000000 0.923840
180.000000 2.265408
181.000000 2.062016
182.000000 1.897856
183.000000 1.969920
184.000000 1.558592
185.000000 1.663488
186.000000 1.274048
187.000000 1.400832
188.000000 1.543104
189.000000 1.098944
190.000000 1.291392
191.000000 1.131776
192.000000 1.608768
193.000000 1.127232
194.000000 0.372096
195.000000 0.661184
196.000000 0.842688
197.000000 0.590976
198.000000 1.105344
199.000000 1.416320
200.000000 1.740096
201.000000 1.514816
202.000000 1.269504
203.000000 0.934784
204.000000 1.466496
205.000000 1.865024
206.000000 1.575936
207.000000 1.569528
208.000000 1.937088
209.000000 1.372544
210.000000 1.969920
211.000000 1.755584
212.000000 2.002752
213.000000 1.317824
214.000000 1.685376
215.000000 1.088000
216.000000 1.280448
217.000000 0.842688
219.000000 1.131776
220.000000 1.324224
221.000000 1.302336
222.000000 1.022336
223.000000 1.203840
224.000000 1.192896
225.000000 0.956672
226.000000 0.831744
227.000000 0.919296
228.000000 0.547200
229.000000 0.912896
230.000000 1.105344
231.000000 1.017792
232.000000 0.803456
234.000000 0.667584
236.000000 2.587328
237.000000 1.335168
238.000000 1.532160
239.000000 1.197440
240.000000 0.777024
241.000000 0.787968
242.000000 0.912896
243.000000 0.952128
246.000000 1.094400
247.000000 1.416320
248.000000 1.313280
249.000000 1.499328
250.000000 1.153664
251.000000 1.400832
252.000000 1.186496
253.000000 1.192896
254.000000 1.313280
255.000000 0.858176
256.000000 1.236672
257.000000 1.006848
258.000000 0.978560
259.000000 1.171008
260.000000 1.160064
261.000000 0.569088
262.000000 0.289088
263.000000 0.404928
264.000000 0.426816
265.000000 0.601920
266.000000 0.415872
267.000000 0.580032
268.000000 0.715904
269.000000 2.188800
270.000000 2.379392
271.000000 1.357056
272.000000 0.098496
273.000000 0.481536
274.000000 1.328776
275.000000 2.138624
276.000000 2.287296
277.000000 1.777472
279.000000 2.346560
280.000000 2.495232
281.000000 1.668032
282.000000 1.772928
283.000000 1.011392
284.000000 0.273600
285.000000 0.186048
286.000000 0.580032
287.000000 0.525312
288.000000 0.700416
289.000000 0.617408
290.000000 0.426816
291.000000 0.481536
292.000000 1.269504
293.000000 1.098944
294.000000 1.127232
295.000000 0.722304
296.000000 0.601920
297.000000 0.065664
298.000000 1.219328
299.000000 2.210688
300.000000 1.558592
301.000000 1.433664
302.000000 0.656640
303.000000 0.628352
304.000000 0.908352
305.000000 1.466496
306.000000 1.492928
307.000000 1.761984
308.000000 1.438208
309.000000 1.499328
310.000000 1.197440
311.000000 1.641600
312.000000 1.547648
314.000000 1.893312
315.000000 1.722752
316.000000 2.057472
317.000000 1.755584
318.000000 2.171456
319.000000 1.783872
320.000000 2.160512
321.000000 2.002752
322.000000 1.525760
323.000000 2.155968
324.000000 1.711808
325.000000 1.755576
326.000000 1.729152
327.000000 1.821248
328.000000 1.794816
329.000000 1.591424
330.000000 1.575936
331.000000 1.613312
332.000000 2.145024
333.000000 1.689920
334.000000 2.046528
335.000000 1.766528
336.000000 1.897856
337.000000 1.740096
338.000000 1.525760
339.000000 1.761984
340.000000 1.514816
341.000000 1.619712
342.000000 1.832192
343.000000 2.221632
344.000000 1.678976
345.000000 2.101248
346.000000 0.770624
347.000000 1.969920
348.000000 1.295936
349.000000 1.871424
350.000000 1.438208
351.000000 2.002752
352.000000 1.471040
353.000000 1.105344
354.000000 1.225728
355.000000 1.230248
356.000000 0.853632
357.000000 0.722304
358.000000 0.803480
359.000000 1.050624
360.000000 0.558144
361.000000 0.273600
362.000000 0.426816
363.000000 0.930240
364.000000 0.387584
365.000000 1.707648
366.000000 0.612480
367.000000 0.481536
368.000000 0.891008
369.000000 2.057472
370.000000 1.832192
371.000000 1.897856
373.000000 2.123136
374.000000 1.678984
375.000000 1.751040
376.000000 1.252160
377.000000 1.641600
378.000000 1.580480
379.000000 1.849536
380.000000 1.624256
381.000000 2.057472
382.000000 1.766528
383.000000 2.254464
384.000000 1.821248
385.000000 1.711808
386.000000 2.123136
387.000000 1.657088
388.000000 2.363904
389.000000 1.689920
390.000000 1.821248
391.000000 1.718208
392.000000 1.455552
393.000000 1.197440
394.000000 1.794816
395.000000 1.361600
396.000000 1.564992
397.000000 1.700864
398.000000 2.112192
399.000000 1.711808
400.000000 1.777472
401.000000 2.177856
402.000000 1.985408
403.000000 2.145024
404.000000 1.799360
405.000000 1.974464
406.000000 2.177856
407.000000 1.810304
408.000000 1.926144
409.000000 1.471040
410.000000 1.707264
411.000000 1.317824
412.000000 1.236672
413.000000 0.897408
414.000000 0.343800
415.000000 0.919296
416.000000 1.663488
417.000000 1.186496
418.000000 1.696320
419.000000 1.788416
420.000000 1.882368
421.000000 1.416320
422.000000 1.926144
423.000000 1.700864
424.000000 1.685376
425.000000 1.120832
426.000000 1.083456
427.000000 0.777024
428.000000 0.569088
429.000000 0.562688
430.000000 1.225728
431.000000 1.094400
432.000000 0.606464
434.000000 0.273600
435.000000 0.569088
436.000000 0.777024
437.000000 0.897408
438.000000 0.748736
439.000000 0.689472
440.000000 0.656640
441.000000 0.831744
442.000000 0.766080
443.000000 0.551744
444.000000 0.930240
445.000000 1.006848
446.000000 0.514368
448.000000 0.470592
449.000000 0.584576
450.000000 0.612864
451.000000 0.536256
452.000000 0.569088
453.000000 0.580032
454.000000 0.529856
455.000000 0.372096
456.000000 0.667584
457.000000 1.641600
458.000000 1.678976
459.000000 1.816704
460.000000 1.416320
461.000000 1.696320
462.000000 1.427264
463.000000 1.816704
464.000000 0.934784
465.000000 1.050624
466.000000 1.050624
467.000000 0.880064
468.000000 1.181952
469.000000 1.378944
470.000000 1.120832
471.000000 1.258560
472.000000 1.357056
473.000000 1.142720
474.000000 1.674432
475.000000 1.219328
476.000000 1.838592
477.000000 1.361600
478.000000 1.663488
479.000000 1.241224
480.000000 1.422720
481.000000 1.149120
482.000000 1.033280
483.000000 1.291392
484.000000 1.269504
485.000000 1.055168
486.000000 1.203840
487.000000 1.214784
488.000000 0.726848
489.000000 1.685376
490.000000 1.186496
491.000000 1.269504
492.000000 1.269504
493.000000 1.000448
494.000000 1.411776
495.000000 1.302336
496.000000 1.000448
497.000000 1.247616
498.000000 1.317824
499.000000 1.619712
500.000000 1.503872
501.000000 1.564992
502.000000 1.455552
503.000000 1.175552
504.000000 1.718208
505.000000 1.514816
506.000000 1.444608
507.000000 1.405376
508.000000 1.477440
509.000000 1.263104
510.000000 1.357056
511.000000 1.761984
512.000000 1.646144
513.000000 1.788416
514.000000 1.630656
515.000000 1.543104
516.000000 1.295936
517.000000 1.411776
518.000000 1.208384
519.000000 1.532160
520.000000 1.284992
521.000000 1.794816
522.000000 1.569536
524.000000 1.871424
525.000000 1.525760
526.000000 1.772928
527.000000 1.668032
528.000000 1.794816
529.000000 1.383488
530.000000 1.663488
531.000000 1.668032
532.000000 1.466496
533.000000 1.214784
534.000000 0.847232
535.000000 1.094400
536.000000 1.028736
537.000000 0.814400
538.000000 0.777024
539.000000 0.448704
540.000000 0.656640
541.000000 0.689472
544.000000 0.339264
545.000000 0.223424
546.000000 1.028736
547.000000 0.766080
548.000000 0.339264
549.000000 0.363264
550.000000 0.702848
551.000000 0.689472
552.000000 0.678528
553.000000 0.678528
554.000000 0.634752
555.000000 0.448704
556.000000 0.518912
557.000000 1.368000
558.000000 1.160064
559.000000 0.814400
560.000000 0.930240
561.000000 0.930240
562.000000 0.678528
563.000000 0.387584
564.000000 0.744192
565.000000 0.634752
566.000000 0.350208
567.000000 0.426816
568.000000 0.525312
569.000000 0.442304
570.000000 0.678528
571.000000 0.744000
572.000000 1.007040
573.000000 0.847232
574.000000 1.061568
575.000000 0.393984
576.000000 0.262656
577.000000 0.153216
578.000000 0.109440
579.000000 0.437760
580.000000 0.755136
581.000000 0.518912
582.000000 1.061568
583.000000 1.017792
584.000000 1.044224
585.000000 1.291392
586.000000 1.313280
587.000000 1.219328
588.000000 1.521216
589.000000 1.109888
590.000000 1.477440
591.000000 1.477440
592.000000 1.361600
593.000000 1.926144
594.000000 1.460096
595.000000 1.718208
596.000000 1.416320
597.000000 1.433664
598.000000 1.164608
599.000000 1.378944
600.000000 1.061568
601.000000 0.978560
602.000000 1.225728
604.000000 1.006848
605.000000 0.704960
606.000000 0.842688
607.000000 0.853632
608.000000 0.787968
609.000000 0.464192
610.000000 0.853632
611.000000 1.543104
612.000000 1.077056
613.000000 1.171008
614.000000 0.547200
615.000000 0.547200
616.000000 0.656640
617.000000 0.737792
618.000000 1.160064
619.000000 1.547648
620.000000 0.656640
621.000000 0.021888
622.000000 0.492480
624.000000 0.175104
628.000000 0.131072
629.000000 1.788672
689.000000 0.043776
691.000000 0.120384
692.000000 0.109440
693.000000 0.098496
694.000000 0.109440
695.000000 0.087552
696.000000 0.120384
697.000000 0.120384
698.000000 0.131328
700.000000 0.109440
702.000000 0.240512
703.000000 0.142528
704.000000 0.087552
705.000000 0.109440
706.000000 0.120384
708.000000 0.109440
709.000000 0.120384
710.000000 0.120384
711.000000 0.142272
712.000000 0.120384
714.000000 0.120384
715.000000 0.109440
716.000000 0.186048
717.000000 0.164160
718.000000 0.196992
719.000000 0.135872
720.000000 0.164160
721.000000 0.164160
722.000000 0.207936
723.000000 0.142272
724.000000 0.109440
725.000000 0.218880
726.000000 0.196992
727.000000 0.186048
728.000000 0.098496
729.000000 0.131328
730.000000 0.186048
731.000000 0.109440
733.000000 0.109440
734.000000 0.098496
735.000000 0.109440
736.000000 0.131328
737.000000 0.186048
738.000000 0.164160
739.000000 0.153216
741.000000 0.043776
743.000000 0.365536
744.000000 0.161760
745.000000 0.161760
746.000000 0.183328
747.000000 0.161760
748.000000 0.183328
752.000000 0.163424
753.000000 0.472832
754.000000 0.097056
755.000000 0.183328
756.000000 0.161760
763.000000 0.131072
764.000000 1.119872
766.000000 0.095520
767.000000 0.097056
768.000000 0.140192
769.000000 0.086272
770.000000 0.086272
772.000000 0.075488
773.000000 0.075488
774.000000 0.053920
775.000000 0.053920
776.000000 0.043136
777.000000 0.021568
779.000000 0.053920
781.000000 0.075488
782.000000 0.043136
783.000000 0.032352
785.000000 0.043136
786.000000 0.021568
787.000000 0.032352
788.000000 0.010784
790.000000 0.021568
791.000000 0.021568
803.000000 0.010784
804.000000 0.038528
805.000000 0.053920
806.000000 0.123232
807.000000 0.114016
808.000000 0.123232
815.000000 0.249696
816.000000 0.548320
817.000000 0.107840
818.000000 0.140192
819.000000 0.140192
820.000000 0.129408
822.000000 0.183328
823.000000 0.140192
824.000000 0.084736
825.000000 0.097056
827.000000 0.107840
828.000000 0.140192
829.000000 0.129408
830.000000 0.129408
831.000000 0.161760
832.000000 0.140192
833.000000 0.150976
834.000000 0.140192
839.000000 0.183328
840.000000 0.334304
841.000000 0.496064
842.000000 0.150976
843.000000 0.129408
844.000000 0.150976
845.000000 0.150976
846.000000 0.118624
849.000000 0.086272
852.000000 0.278848
853.000000 0.107840
854.000000 0.140192
855.000000 0.140192
856.000000 0.161760
857.000000 0.172544
858.000000 0.172544
859.000000 0.161760
860.000000 0.161760
864.000000 0.097056
865.000000 0.388224
866.000000 0.474496
867.000000 0.150976
868.000000 0.161760
869.000000 0.161760
870.000000 0.172544
872.000000 0.032352
873.000000 0.161760
874.000000 0.289632
875.000000 0.183328
876.000000 0.129408
877.000000 0.183328
879.000000 0.150976
880.000000 0.140192
881.000000 0.129408
882.000000 0.172544
883.000000 0.150976
888.000000 0.107840
889.000000 0.841152
890.000000 0.107840
891.000000 0.161760
892.000000 0.150976
894.000000 0.161760
896.000000 0.140192
898.000000 0.332768
899.000000 0.118624
900.000000 0.172544
901.000000 0.161760
902.000000 0.161760
903.000000 0.161760
904.000000 0.172544
905.000000 0.140192
907.000000 0.161760
911.000000 0.118624
913.000000 0.700960
914.000000 0.118624
915.000000 0.107840
916.000000 0.118624
917.000000 0.107840
918.000000 0.118624
919.000000 0.161760
922.000000 0.140192
924.000000 0.343552
925.000000 0.086272
926.000000 0.140192
927.000000 0.129408
928.000000 0.161760
929.000000 0.129408
930.000000 0.129408
931.000000 0.140192
932.000000 0.140192
940.000000 0.107840
941.000000 0.690176
942.000000 0.043136
944.000000 0.064704
946.000000 0.075488
947.000000 0.053920
948.000000 0.032352
952.000000 0.021568
953.000000 0.064704
954.000000 0.075488
955.000000 0.118624
956.000000 0.107840
957.000000 0.097056
963.000000 0.131072
964.000000 0.224800
965.000000 0.053920
968.000000 0.246496
969.000000 0.064704
970.000000 0.053920
971.000000 0.064704
972.000000 0.064704
973.000000 0.086272
974.000000 0.075488
975.000000 0.064704
976.000000 0.075488
977.000000 0.064704
978.000000 0.075488
980.000000 0.064704
981.000000 0.075488
982.000000 0.075488
983.000000 0.097056
984.000000 0.086272
985.000000 0.075488
986.000000 0.064704
987.000000 0.086272
996.000000 0.075488
997.000000 0.280384
999.000000 0.485280
1001.000000 0.075488
1002.000000 0.064704
1003.000000 0.097056
1004.000000 0.075488
1005.000000 0.075488
1006.000000 0.075488
1007.000000 0.075488
1008.000000 0.075488
1009.000000 0.075488
1010.000000 0.075488
1011.000000 0.075488
1012.000000 0.064704
1014.000000 0.053920
1015.000000 0.097056
1016.000000 0.055096
