0.000000 0.920520
1.000000 1.718208
2.000000 2.105728
3.000000 0.907264
4.000000 0.973624
5.000000 1.059520
6.000000 1.108936
7.000000 1.270176
8.000000 1.022736
9.000000 1.320304
10.000000 1.103248
12.000000 1.149232
13.000000 1.456872
14.000000 1.447656
15.000000 1.192464
16.000000 1.221424
17.000000 1.083856
18.000000 0.926536
19.000000 0.867160
20.000000 1.149040
21.000000 1.344600
22.000000 1.231208
23.000000 1.090304
24.000000 0.328320
25.000000 0.461696
26.000000 0.459648
27.000000 0.212704
28.000000 0.251712
29.000000 0.229824
30.000000 0.290832
31.000000 0.580032
32.000000 0.439096
33.000000 0.623808
34.000000 0.295488
35.000000 0.241160
36.000000 0.612864
37.000000 0.633656
38.000000 0.601920
39.000000 0.623056
41.000000 0.875072
42.000000 0.766080
43.000000 0.446512
44.000000 0.744192
45.000000 0.579656
46.000000 0.729232
47.000000 0.963072
48.000000 0.722912
49.000000 0.835424
50.000000 0.809856
51.000000 0.625512
52.000000 0.611664
53.000000 0.645696
54.000000 0.637416
55.000000 1.098576
56.000000 1.047640
57.000000 1.272776
58.000000 0.738928
59.000000 0.729240
60.000000 0.818968
62.000000 1.189784
63.000000 1.167632
64.000000 1.326416
65.000000 1.267752
66.000000 0.813992
67.000000 0.784320
68.000000 0.760856
69.000000 0.809872
70.000000 0.851824
71.000000 0.981464
72.000000 1.006848
73.000000 0.589208
74.000000 0.928312
75.000000 0.833288
76.000000 0.985864
77.000000 0.679784
78.000000 0.893696
79.000000 0.831184
80.000000 1.313280
81.000000 0.721584
82.000000 0.746184
83.000000 0.842688
84.000000 0.736360
85.000000 0.755136
86.000000 0.662976
87.000000 0.645696
88.000000 0.405272
89.000000 0.536256
90.000000 0.503424
91.000000 0.372296
92.000000 0.525312
94.000000 0.393984
95.000000 0.292296
96.000000 0.590976
97.000000 0.459648
98.000000 0.098496
99.000000 0.186048
100.000000 0.765144
101.000000 0.590976
102.000000 0.371952
103.000000 0.284544
104.000000 0.131328
105.000000 0.120384
106.000000 1.036504
107.000000 1.021000
109.000000 1.086048
110.000000 0.908352
111.000000 0.692752
112.000000 0.689472
113.000000 0.374304
114.000000 0.218880
115.000000 0.207936
116.000000 0.569088
117.000000 0.736632
118.000000 0.789584
119.000000 0.943224
120.000000 0.783672
121.000000 1.014456
122.000000 0.621336
123.000000 0.672928
124.000000 0.699008
125.000000 0.844160
126.000000 1.105344
127.000000 0.921808
128.000000 1.253992
129.000000 1.072512
130.000000 0.887520
131.000000 0.836040
132.000000 0.874720
133.000000 1.620872
134.000000 1.138752
136.000000 1.208344
137.000000 0.481536
138.000000 0.488760
139.000000 0.690784
140.000000 0.809856
141.000000 0.341616
142.000000 0.525312
143.000000 0.656640
144.000000 0.620544
145.000000 0.755136
146.000000 0.891944
147.000000 1.199696
148.000000 1.174712
149.000000 1.247864
150.000000 1.098600
151.000000 1.243120
152.000000 1.238712
153.000000 1.305784
154.000000 1.464304
155.000000 1.648272
156.000000 1.361464
157.000000 1.145336
158.000000 1.619712
159.000000 0.778936
161.000000 0.918560
162.000000 1.218840
163.000000 1.302224
164.000000 1.090768
165.000000 1.207880
166.000000 1.292232
167.000000 1.176648
168.000000 1.242968
169.000000 1.096904
170.000000 0.920936
171.000000 1.087464
172.000000 1.343136
173.000000 1.201312
174.000000 1.073816
175.000000 1.101888
176.000000 0.919296
177.000000 0.769384
178.000000 1.195632
179.000000 0.987864
180.000000 1.068664
181.000000 1.209808
182.000000 1.244440
183.000000 1.299136
184.000000 1.214104
185.000000 1.577976
186.000000 1.271944
187.000000 1.419640
188.000000 1.580952
189.000000 1.185224
190.000000 1.053648
191.000000 1.107160
192.000000 1.079600
193.000000 1.499328
194.000000 1.099240
195.000000 0.951944
197.000000 0.902952
198.000000 1.090000
199.000000 0.689472
200.000000 0.573120
201.000000 0.848120
202.000000 0.558144
203.000000 0.546184
204.000000 0.798912
205.000000 0.542784
206.000000 0.437760
207.000000 0.375784
208.000000 0.481536
209.000000 0.515864
210.000000 0.590976
211.000000 0.451016
212.000000 0.361152
213.000000 0.535704
214.000000 1.044360
215.000000 0.796104
216.000000 0.847736
217.000000 1.039304
218.000000 1.301592
219.000000 1.389776
220.000000 1.612464
221.000000 1.481888
222.000000 1.774088
223.000000 1.328584
224.000000 1.293520
226.000000 1.353432
227.000000 1.890184
228.000000 1.650336
229.000000 1.819064
230.000000 1.578200
231.000000 1.516656
233.000000 1.630720
234.000000 1.625704
235.000000 1.327576
236.000000 1.366200
237.000000 1.152384
238.000000 1.019880
239.000000 1.387224
240.000000 1.166536
241.000000 1.176096
242.000000 1.116288
243.000000 0.132064
244.000000 1.118696
245.000000 1.433664
246.000000 0.856512
248.000000 1.546816
249.000000 1.563760
250.000000 0.884056
251.000000 0.619760
252.000000 0.963072
253.000000 0.786840
254.000000 1.006848
255.000000 0.716232
256.000000 0.766080
257.000000 0.516296
258.000000 0.722304
259.000000 1.532928
260.000000 1.407320
261.000000 1.308824
262.000000 1.171184
263.000000 1.241272
264.000000 1.321152
265.000000 0.950040
266.000000 1.279832
267.000000 0.950976
268.000000 1.078288
269.000000 1.280448
270.000000 1.208920
271.000000 1.129280
272.000000 0.547232
273.000000 0.361152
274.000000 0.759464
275.000000 1.023280
276.000000 0.876984
277.000000 0.853632
278.000000 0.706368
279.000000 0.891512
280.000000 0.667584
281.000000 0.369848
282.000000 0.306432
285.000000 0.120384
293.000000 0.950592
294.000000 0.306432
295.000000 0.503424
296.000000 0.409000
297.000000 0.262656
298.000000 0.284544
299.000000 0.021888
300.000000 0.545960
301.000000 0.415872
302.000000 0.153216
303.000000 0.599160
304.000000 0.820800
305.000000 1.089496
306.000000 1.012264
307.000000 1.388960
308.000000 0.682088
309.000000 0.739816
310.000000 0.883552
311.000000 1.356560
312.000000 1.292208
313.000000 0.960672
314.000000 1.204376
315.000000 0.863552
317.000000 1.019288
318.000000 1.132040
319.000000 1.068072
320.000000 1.342624
321.000000 1.014584
322.000000 0.975016
323.000000 1.007184
324.000000 0.937936
326.000000 1.234776
327.000000 1.320328
328.000000 1.495016
329.000000 1.463504
330.000000 1.487176
331.000000 1.136624
332.000000 1.402032
333.000000 1.219560
334.000000 1.526896
335.000000 1.472440
336.000000 1.299656
337.000000 0.620840
338.000000 0.977936
340.000000 1.070232
341.000000 1.591688
342.000000 1.265528
343.000000 1.873480
344.000000 1.667800
345.000000 1.979544
346.000000 1.917272
347.000000 1.844032
348.000000 1.859656
349.000000 1.816416
350.000000 1.253904
352.000000 1.481680
353.000000 1.352792
354.000000 1.361728
355.000000 1.302976
356.000000 1.371536
357.000000 1.211216
358.000000 1.419768
359.000000 1.267576
360.000000 1.323816
361.000000 1.603376
362.000000 1.406016
363.000000 1.719576
364.000000 1.794152
365.000000 1.295400
366.000000 1.639176
367.000000 1.134136
368.000000 0.944312
369.000000 0.964800
371.000000 1.149848
372.000000 0.772808
373.000000 0.780368
374.000000 0.857904
375.000000 0.937952
376.000000 0.645696
378.000000 0.131072
379.000000 0.961088
380.000000 0.842688
381.000000 0.262536
382.000000 0.525312
383.000000 0.623808
384.000000 1.097616
385.000000 0.922520
386.000000 1.375808
387.000000 1.194296
388.000000 1.480688
389.000000 1.321328
390.000000 0.938400
391.000000 1.226752
392.000000 1.127512
393.000000 1.244648
394.000000 1.213664
395.000000 1.341512
396.000000 1.352360
397.000000 1.374008
398.000000 1.441040
399.000000 1.422088
400.000000 1.408696
401.000000 1.621496
402.000000 1.379272
403.000000 1.463968
404.000000 1.028736
405.000000 0.939448
406.000000 0.998992
407.000000 1.180160
408.000000 1.318568
409.000000 1.310648
411.000000 1.287992
412.000000 1.417144
413.000000 1.497616
414.000000 1.284352
415.000000 1.143520
416.000000 1.450152
417.000000 1.395640
418.000000 1.335264
419.000000 1.524048
420.000000 0.912072
421.000000 1.139176
422.000000 1.125872
423.000000 1.487144
424.000000 1.170608
425.000000 0.389688
426.000000 0.590976
427.000000 1.003088
429.000000 1.042456
430.000000 1.135768
431.000000 1.023784
432.000000 1.069528
433.000000 1.061856
434.000000 1.096504
435.000000 1.105904
436.000000 1.142352
437.000000 1.104872
438.000000 1.026656
439.000000 0.864728
440.000000 0.981888
441.000000 0.922160
442.000000 0.771192
443.000000 1.077544
444.000000 1.006848
445.000000 0.516464
446.000000 1.063240
447.000000 1.389888
448.000000 0.131072
449.000000 0.968968
450.000000 1.647816
451.000000 1.810512
452.000000 1.706512
453.000000 1.448136
454.000000 1.460312
455.000000 1.576376
456.000000 1.453048
458.000000 1.745752
459.000000 1.621744
460.000000 1.440168
461.000000 1.673000
462.000000 0.939376
463.000000 1.770504
464.000000 1.251488
465.000000 1.663648
466.000000 1.270696
467.000000 1.785248
468.000000 1.603312
469.000000 0.435816
470.000000 0.936184
471.000000 1.216696
472.000000 1.934512
473.000000 0.350208
474.000000 1.083456
475.000000 1.629160
476.000000 1.137016
477.000000 1.490168
478.000000 1.800056
479.000000 1.773440
480.000000 1.703336
481.000000 1.568688
482.000000 1.554112
483.000000 1.631560
484.000000 1.545608
485.000000 1.181952
486.000000 0.799216
487.000000 1.171000
489.000000 1.416576
490.000000 1.534664
491.000000 1.580456
492.000000 1.543328
493.000000 1.416384
494.000000 1.696656
495.000000 1.214784
496.000000 1.002352
497.000000 1.063608
498.000000 1.266216
499.000000 1.319048
500.000000 1.538320
501.000000 1.487560
502.000000 1.268120
503.000000 1.220736
504.000000 1.023512
505.000000 1.203272
506.000000 1.353448
507.000000 1.608768
508.000000 1.149904
509.000000 1.229416
510.000000 1.335168
511.000000 1.022384
512.000000 1.423472
513.000000 1.269504
514.000000 0.912624
516.000000 1.203840
517.000000 0.994072
518.000000 1.008328
519.000000 1.422720
520.000000 1.008976
521.000000 1.165680
522.000000 1.272424
523.000000 1.523688
524.000000 1.722240
525.000000 1.562192
526.000000 1.548728
527.000000 1.562552
528.000000 1.483824
529.000000 1.516680
530.000000 1.628680
531.000000 1.630552
532.000000 1.532248
533.000000 0.391624
535.000000 1.354824
536.000000 1.805760
537.000000 1.287368
538.000000 1.612968
539.000000 1.426144
540.000000 1.707264
541.000000 0.755136
548.000000 0.131072
550.000000 0.056040
551.000000 1.378944
552.000000 2.038224
553.000000 2.407680
554.000000 1.652040
555.000000 1.958976
556.000000 1.583664
557.000000 2.068416
558.000000 2.134080
559.000000 1.813648
560.000000 2.090304
561.000000 1.664464
562.000000 2.506176
563.000000 1.892216
564.000000 2.473344
565.000000 1.720576
566.000000 1.707264
567.000000 1.937088
568.000000 1.510792
569.000000 1.324224
570.000000 1.291392
571.000000 0.995904
572.000000 0.919296
581.000000 0.382368
583.000000 4.958584
584.000000 0.875520
585.000000 1.269504
586.000000 1.127232
587.000000 1.400832
588.000000 1.155448
589.000000 1.521216
590.000000 0.809856
591.000000 0.229824
592.000000 0.580032
593.000000 1.028736
594.000000 0.919296
595.000000 0.808536
596.000000 1.225728
597.000000 1.291392
598.000000 1.357056
599.000000 1.521216
600.000000 1.221936
601.000000 1.543104
602.000000 1.368000
603.000000 1.346112
604.000000 1.324224
605.000000 1.111504
606.000000 1.368000
607.000000 1.499328
608.000000 1.324224
609.000000 1.488384
610.000000 0.988344
611.000000 1.280448
612.000000 1.072512
613.000000 1.050624
619.000000 0.187320
620.000000 5.090080
621.000000 0.766080
622.000000 1.389888
623.000000 1.335168
624.000000 1.236672
625.000000 1.433664
626.000000 1.113952
627.000000 1.400832
628.000000 1.203840
629.000000 1.116288
630.000000 0.696768
631.000000 1.181952
632.000000 1.313280
633.000000 1.342760
634.000000 1.532160
635.000000 1.466496
636.000000 1.400832
637.000000 1.316304
638.000000 1.422720
639.000000 1.389888
640.000000 0.875520
641.000000 0.536256
642.000000 0.656640
643.000000 1.269504
644.000000 0.933904
645.000000 0.984960
646.000000 0.995904
647.000000 1.050624
648.000000 1.072512
649.000000 1.171008
653.000000 0.629320
654.000000 5.424744
655.000000 0.415872
656.000000 0.842688
657.000000 0.787968
658.000000 0.437760
659.000000 0.164160
692.000000 0.054720
694.000000 0.043776
696.000000 0.010944
698.000000 0.021888
699.000000 0.054720
701.000000 0.021888
702.000000 0.010944
706.000000 0.043776
707.000000 0.054720
708.000000 0.065664
709.000000 0.131328
710.000000 0.131328
711.000000 0.109440
712.000000 0.120384
713.000000 0.142272
714.000000 0.142272
715.000000 0.120384
716.000000 0.175104
717.000000 0.142272
718.000000 0.175104
719.000000 0.164160
720.000000 0.142272
721.000000 0.175104
722.000000 0.153216
723.000000 0.186048
724.000000 0.142272
725.000000 0.175104
726.000000 0.153216
727.000000 0.158024
728.000000 0.009000
729.000000 0.142272
730.000000 0.153216
731.000000 0.175104
732.000000 0.175104
733.000000 0.142272
734.000000 0.164160
735.000000 0.196992
736.000000 0.186048
737.000000 0.153216
738.000000 0.175104
739.000000 0.131328
740.000000 0.196992
741.000000 0.164160
742.000000 0.164160
743.000000 0.164160
744.000000 0.164160
745.000000 0.153216
746.000000 0.153216
747.000000 0.153216
748.000000 0.196992
749.000000 0.164160
750.000000 0.164160
760.000000 0.131072
761.000000 1.598080
762.000000 0.153216
763.000000 0.120384
764.000000 0.186048
765.000000 0.164160
766.000000 0.153216
767.000000 0.164160
768.000000 0.153216
769.000000 0.175104
770.000000 0.186048
771.000000 0.164160
772.000000 0.153216
774.000000 0.091192
775.000000 0.098496
776.000000 0.164160
777.000000 0.153216
778.000000 0.153216
779.000000 0.142272
780.000000 0.142272
781.000000 0.120384
782.000000 0.120384
783.000000 0.131328
784.000000 0.131328
785.000000 0.142272
786.000000 0.098496
787.000000 0.109440
788.000000 0.098496
789.000000 0.120384
790.000000 0.087552
791.000000 0.098496
792.000000 0.054720
793.000000 0.087552
794.000000 0.076608
795.000000 0.087552
796.000000 0.065664
798.000000 0.076608
799.000000 0.054720
800.000000 0.043776
820.000000 0.043776
821.000000 0.153216
827.000000 0.152960
830.000000 0.897664
831.000000 0.098496
832.000000 0.131328
833.000000 0.131328
834.000000 0.175104
835.000000 0.175104
836.000000 0.175104
837.000000 0.175104
841.000000 0.152960
842.000000 0.536512
843.000000 0.164160
844.000000 0.131328
845.000000 0.131328
846.000000 0.131328
847.000000 0.131328
848.000000 0.175104
850.000000 0.077256
851.000000 0.098496
852.000000 0.153216
853.000000 0.120384
854.000000 0.164160
855.000000 0.120384
856.000000 0.131328
857.000000 0.131328
858.000000 0.142272
859.000000 0.131328
860.000000 0.164160
861.000000 0.164160
862.000000 0.142272
863.000000 0.131328
864.000000 0.153216
865.000000 0.164160
866.000000 0.131328
867.000000 0.164160
868.000000 0.164160
869.000000 0.164160
870.000000 0.164160
871.000000 0.153216
872.000000 0.142272
873.000000 0.186048
874.000000 0.164160
875.000000 0.164160
876.000000 0.164160
877.000000 0.142272
878.000000 0.153216
879.000000 0.164160
880.000000 0.164160
881.000000 0.164160
882.000000 0.164160
883.000000 0.164160
884.000000 0.142272
885.000000 0.175104
886.000000 0.120384
887.000000 0.131328
888.000000 0.131328
889.000000 0.098496
890.000000 0.142272
891.000000 0.131328
892.000000 0.131328
893.000000 0.153216
894.000000 0.164160
895.000000 0.131328
896.000000 0.186048
897.000000 0.153216
898.000000 0.120384
906.000000 0.120384
907.000000 0.820800
909.000000 0.372512
910.000000 0.109440
911.000000 0.196992
912.000000 0.164160
913.000000 0.142272
914.000000 0.196992
915.000000 0.142272
916.000000 0.131328
917.000000 0.175104
918.000000 0.164160
919.000000 0.153216
920.000000 0.196992
921.000000 0.142272
922.000000 0.164160
923.000000 0.142272
924.000000 0.142272
925.000000 0.131328
934.000000 0.174848
935.000000 1.116544
936.000000 0.142272
937.000000 0.153216
938.000000 0.131328
939.000000 0.131328
940.000000 0.109440
941.000000 0.142272
942.000000 0.131328
943.000000 0.109440
944.000000 0.142272
945.000000 0.120384
946.000000 0.131328
947.000000 0.098496
948.000000 0.098496
949.000000 0.098496
950.000000 0.087552
951.000000 0.098496
952.000000 0.065664
953.000000 0.076608
954.000000 0.065664
955.000000 0.065664
956.000000 0.065664
957.000000 0.032832
961.000000 0.032832
963.000000 0.076608
965.000000 0.108736
966.000000 0.098496
967.000000 0.109440
968.000000 0.098496
969.000000 0.098496
970.000000 0.109440
971.000000 0.087552
972.000000 0.109440
973.000000 0.120384
974.000000 0.098496
975.000000 0.076608
976.000000 0.109440
977.000000 0.120384
978.000000 0.186048
979.000000 0.142272
980.000000 0.175104
981.000000 0.131328
982.000000 0.153216
983.000000 0.186048
984.000000 0.164160
985.000000 0.164160
986.000000 0.164160
987.000000 0.164160
988.000000 0.164160
989.000000 0.120384
990.000000 0.196992
991.000000 0.164160
992.000000 0.164160
1002.000000 0.131072
1003.000000 1.554304
1004.000000 0.142272
1006.000000 0.134680
1007.000000 0.131328
1008.000000 0.164160
1009.000000 0.142272
1010.000000 0.164160
1011.000000 0.175104
1012.000000 0.153216
1013.000000 0.164160
1014.000000 0.131328
1015.000000 0.196992
1016.000000 0.131328
1017.000000 0.196992
1018.000000 0.131328
1019.000000 0.164160
1020.000000 0.186048
1021.000000 0.175104
1022.000000 0.142272
1023.000000 0.142272
1024.000000 0.142272
1025.000000 0.079768
1026.000000 0.131328
1027.000000 0.153216
1028.000000 0.131328
1029.000000 0.080728
1030.000000 0.142272
1031.000000 0.142272
1032.000000 0.175104
1033.000000 0.091904
1034.000000 0.164160
1035.000000 0.131328
1037.000000 0.094008
1038.000000 0.142272
1040.000000 0.131072
1041.000000 0.163888
1042.000000 0.120384
1043.000000 0.131328
1044.000000 0.120384
1045.000000 0.062864
1046.000000 0.131328
1047.000000 0.109440
1052.000000 0.109440
