0.000000 1.729152
1.000000 1.525760
2.000000 1.969920
3.000000 1.788416
4.000000 2.177856
5.000000 1.777472
6.000000 1.225728
7.000000 1.416320
8.000000 2.254464
9.000000 1.755584
10.000000 1.937088
11.000000 1.306880
12.000000 0.864576
13.000000 1.186496
14.000000 1.368000
15.000000 1.280448
16.000000 0.989504
18.000000 1.291392
19.000000 1.324224
20.000000 1.098944
21.000000 1.389888
22.000000 1.394432
23.000000 1.203840
24.000000 1.127232
25.000000 1.328768
26.000000 2.057472
27.000000 1.460096
28.000000 1.422720
29.000000 1.514816
30.000000 1.324224
31.000000 1.361600
32.000000 1.324224
33.000000 1.641600
34.000000 1.449152
35.000000 1.641600
36.000000 0.891008
37.000000 1.225728
38.000000 1.389888
39.000000 1.284992
40.000000 1.619712
41.000000 1.219328
42.000000 1.564992
43.000000 1.284992
44.000000 1.718208
45.000000 1.547648
46.000000 1.707264
47.000000 1.427264
48.000000 1.521216
49.000000 1.755560
50.000000 1.871424
51.000000 1.679000
52.000000 1.860480
53.000000 1.591424
54.000000 1.948032
55.000000 1.449152
56.000000 1.729152
57.000000 1.328768
58.000000 2.057472
59.000000 1.449152
60.000000 1.652544
61.000000 1.317824
62.000000 1.335168
63.000000 1.236672
64.000000 0.836288
65.000000 1.488384
66.000000 1.383488
67.000000 1.554048
68.000000 1.722752
69.000000 2.090304
70.000000 1.514816
71.000000 1.718208
72.000000 1.471040
73.000000 1.871424
74.000000 1.208384
75.000000 1.466496
76.000000 1.608768
77.000000 1.361600
78.000000 1.630656
79.000000 1.339712
80.000000 1.882368
81.000000 0.836288
82.000000 0.766080
83.000000 1.039680
84.000000 0.941184
85.000000 0.672128
86.000000 0.448704
87.000000 0.930240
89.000000 0.689472
90.000000 0.503424
91.000000 0.256256
92.000000 1.280448
93.000000 1.783872
94.000000 1.602368
95.000000 1.854080
96.000000 2.134080
97.000000 1.886912
98.000000 1.849536
99.000000 1.733696
100.000000 2.248064
101.000000 2.232576
102.000000 1.547648
103.000000 2.309184
104.000000 2.062016
105.000000 2.062016
106.000000 1.904256
107.000000 1.471040
108.000000 2.287296
109.000000 1.777472
110.000000 1.985408
111.000000 1.488384
112.000000 1.072512
113.000000 0.956672
114.000000 1.554048
116.000000 1.481984
117.000000 1.400832
118.000000 1.368000
119.000000 1.055168
120.000000 1.269504
121.000000 1.400832
122.000000 0.956672
123.000000 1.006848
124.000000 0.930240
125.000000 0.726848
126.000000 0.361152
127.000000 1.586880
128.000000 1.219328
129.000000 1.608768
130.000000 1.346112
131.000000 1.317824
132.000000 1.674432
133.000000 1.372544
134.000000 1.510272
135.000000 1.372544
136.000000 1.389888
137.000000 1.350664
138.000000 1.532160
139.000000 1.521216
140.000000 1.186496
141.000000 1.291392
142.000000 0.744192
143.000000 0.442304
144.000000 0.284544
145.000000 0.459648
146.000000 0.995904
149.000000 0.131072
150.000000 1.383744
151.000000 0.777024
152.000000 0.875520
154.000000 0.153216
155.000000 0.963072
156.000000 1.700864
157.000000 1.192896
158.000000 1.109888
159.000000 1.072512
160.000000 1.510272
161.000000 1.186496
162.000000 1.335168
163.000000 1.164608
164.000000 0.656640
165.000000 0.295488
166.000000 0.207936
167.000000 0.580032
168.000000 0.908352
169.000000 0.540800
170.000000 0.601920
171.000000 0.470592
172.000000 0.700416
173.000000 1.192896
174.000000 0.934784
175.000000 0.875520
177.000000 0.941184
178.000000 0.437760
179.000000 0.497024
180.000000 0.547200
181.000000 0.908352
182.000000 1.722752
183.000000 1.893312
184.000000 1.624256
185.000000 1.652544
186.000000 0.798912
187.000000 0.606464
188.000000 1.072512
189.000000 1.149120
190.000000 1.033280
191.000000 1.017792
192.000000 1.072512
193.000000 1.127232
194.000000 1.055168
195.000000 1.444608
196.000000 1.241216
197.000000 1.619712
198.000000 1.361600
199.000000 1.641600
200.000000 1.488384
201.000000 1.361600
202.000000 1.630656
203.000000 1.547648
204.000000 1.904256
205.000000 1.657088
206.000000 1.766520
207.000000 1.980864
208.000000 1.460096
209.000000 1.893312
210.000000 1.821248
211.000000 2.079360
212.000000 1.799360
213.000000 2.072960
214.000000 2.057472
215.000000 1.230272
216.000000 1.904256
218.000000 1.361600
219.000000 1.400832
220.000000 1.554048
221.000000 1.295936
222.000000 1.663488
223.000000 1.514816
224.000000 1.980864
225.000000 0.989504
226.000000 1.564992
227.000000 1.175552
228.000000 1.400832
229.000000 1.630656
230.000000 1.098944
231.000000 1.696320
232.000000 1.558592
233.000000 1.794816
234.000000 1.678976
235.000000 1.630656
236.000000 0.825344
237.000000 1.335168
238.000000 1.543104
239.000000 0.847232
240.000000 0.459648
241.000000 0.503424
242.000000 1.171008
243.000000 0.748736
244.000000 0.196992
245.000000 0.372096
246.000000 0.831744
247.000000 0.919296
248.000000 0.661184
250.000000 0.251712
251.000000 1.411776
252.000000 1.613312
253.000000 1.991808
254.000000 1.843136
255.000000 1.849536
256.000000 1.657088
257.000000 2.035584
258.000000 1.624264
259.000000 1.707264
260.000000 1.525760
261.000000 1.740096
262.000000 1.558592
263.000000 1.838592
264.000000 1.547648
265.000000 2.010008
266.000000 1.671720
267.000000 1.886912
268.000000 2.013696
269.000000 1.602368
270.000000 2.352960
271.000000 2.083904
272.000000 1.985408
273.000000 2.199744
274.000000 1.996352
275.000000 2.116736
276.000000 1.871424
277.000000 1.678976
278.000000 2.418624
279.000000 2.248064
280.000000 2.171456
281.000000 2.046528
282.000000 1.777472
283.000000 1.930688
284.000000 2.046528
285.000000 1.919744
286.000000 2.254464
287.000000 2.094848
288.000000 2.116736
289.000000 2.046528
290.000000 1.766528
291.000000 1.958976
292.000000 1.449152
293.000000 1.674432
294.000000 1.492920
295.000000 1.455552
296.000000 1.263104
297.000000 0.995904
298.000000 0.820800
300.000000 0.131072
301.000000 1.832448
302.000000 1.422720
303.000000 1.284992
304.000000 2.188800
305.000000 1.755584
306.000000 1.882368
307.000000 1.471040
308.000000 1.729152
309.000000 1.416320
310.000000 1.521216
311.000000 1.000448
312.000000 0.525312
313.000000 1.324224
314.000000 1.055168
315.000000 1.258560
317.000000 1.324224
318.000000 0.715904
319.000000 0.612864
320.000000 0.952128
321.000000 1.422720
322.000000 0.945728
323.000000 0.459648
324.000000 0.459648
325.000000 0.908352
326.000000 0.748736
327.000000 0.853632
328.000000 0.908352
329.000000 0.984960
330.000000 0.956672
331.000000 1.138176
332.000000 1.017792
333.000000 0.726848
334.000000 0.733248
335.000000 0.809856
336.000000 0.864576
337.000000 0.836288
338.000000 0.798912
339.000000 0.831744
340.000000 0.700416
341.000000 0.492480
342.000000 0.726824
343.000000 0.383040
344.000000 0.908352
345.000000 0.853632
346.000000 0.858200
347.000000 1.225728
348.000000 0.864576
349.000000 1.171008
350.000000 0.901952
351.000000 0.919296
352.000000 0.766080
353.000000 0.547200
354.000000 0.551744
355.000000 0.974016
356.000000 1.138176
357.000000 0.934784
358.000000 1.236672
359.000000 1.313280
360.000000 1.077056
361.000000 1.258560
362.000000 1.269504
363.000000 0.945736
364.000000 1.225728
365.000000 1.302336
366.000000 0.989504
368.000000 1.171008
369.000000 1.105344
370.000000 0.978560
371.000000 1.083456
372.000000 1.061568
373.000000 1.164608
374.000000 1.225728
375.000000 1.088000
376.000000 1.181952
377.000000 1.214784
378.000000 1.120832
379.000000 1.455552
380.000000 1.572248
381.000000 1.354344
382.000000 1.663488
383.000000 1.503872
384.000000 1.937088
385.000000 1.700864
386.000000 1.799360
387.000000 2.145024
388.000000 1.919744
389.000000 2.254464
390.000000 1.569536
391.000000 1.813016
392.000000 1.551336
393.000000 1.733696
394.000000 1.488384
395.000000 1.788416
396.000000 1.915200
397.000000 1.514816
398.000000 1.991808
399.000000 1.733696
400.000000 2.090304
401.000000 1.832192
402.000000 2.029184
403.000000 1.751040
404.000000 1.569536
405.000000 1.761984
406.000000 1.481984
407.000000 1.652544
408.000000 1.722744
409.000000 1.663488
410.000000 1.503872
411.000000 1.805760
412.000000 1.471040
413.000000 1.729152
414.000000 1.711808
415.000000 1.838592
416.000000 1.558592
417.000000 1.302336
418.000000 1.689920
419.000000 1.597824
420.000000 1.083456
421.000000 0.770624
422.000000 0.809856
423.000000 0.667584
424.000000 0.590976
425.000000 0.350208
427.000000 0.229824
429.000000 0.453248
430.000000 0.864576
431.000000 0.908352
432.000000 0.974016
433.000000 0.240768
434.000000 0.289088
435.000000 0.875520
436.000000 1.313280
437.000000 1.131776
438.000000 1.149120
439.000000 1.280448
440.000000 1.131776
441.000000 1.357056
442.000000 1.181952
443.000000 0.901952
444.000000 1.171008
445.000000 1.171008
446.000000 1.000448
447.000000 1.477440
448.000000 1.241216
449.000000 1.236672
450.000000 0.755136
451.000000 1.094400
452.000000 1.109888
453.000000 1.313280
454.000000 1.197440
455.000000 1.357056
456.000000 1.258560
457.000000 0.956672
458.000000 0.842688
459.000000 0.426816
460.000000 0.240768
461.000000 0.207936
462.000000 0.098496
463.000000 0.153216
464.000000 0.054720
466.000000 0.858176
467.000000 0.963072
468.000000 1.072512
469.000000 1.116288
470.000000 0.770624
471.000000 0.645696
472.000000 0.831744
473.000000 0.864576
474.000000 0.803456
475.000000 1.050624
476.000000 1.160064
477.000000 0.934784
478.000000 1.214784
479.000000 1.313280
480.000000 0.847240
481.000000 1.094400
482.000000 1.324224
483.000000 0.989504
484.000000 1.160064
485.000000 1.357056
486.000000 1.263104
487.000000 1.586880
488.000000 1.427264
489.000000 1.488384
490.000000 1.219328
491.000000 1.324224
492.000000 1.017792
493.000000 1.088000
494.000000 1.357056
495.000000 1.291392
496.000000 0.639296
497.000000 0.240768
498.000000 0.569088
502.000000 0.131072
503.000000 2.073216
504.000000 0.492480
505.000000 0.383040
506.000000 0.175104
507.000000 0.098624
508.000000 0.065536
541.000000 0.010944
542.000000 0.043776
544.000000 0.065664
545.000000 0.043776
546.000000 0.065600
547.000000 0.087616
548.000000 0.043776
550.000000 0.087552
551.000000 0.076608
552.000000 0.087552
553.000000 0.065664
554.000000 0.076608
555.000000 0.065664
556.000000 0.043776
557.000000 0.087552
558.000000 0.120384
563.000000 0.087552
564.000000 0.328320
566.000000 0.332704
567.000000 0.118624
568.000000 0.118624
569.000000 0.118624
570.000000 0.129408
571.000000 0.075488
572.000000 0.107840
573.000000 0.075488
574.000000 0.140192
575.000000 0.150976
576.000000 0.161760
577.000000 0.150976
579.000000 0.129408
584.000000 0.107840
585.000000 0.323520
586.000000 0.237248
587.000000 0.452928
588.000000 0.150976
589.000000 0.172544
590.000000 0.150976
591.000000 0.129408
593.000000 0.073952
594.000000 0.118624
595.000000 0.107840
596.000000 0.107840
597.000000 0.107840
598.000000 0.107840
599.000000 0.107840
600.000000 0.150976
601.000000 0.161760
602.000000 0.150976
606.000000 0.021568
607.000000 0.603904
608.000000 0.107840
609.000000 0.118624
610.000000 0.107840
611.000000 0.107840
612.000000 0.107840
613.000000 0.107840
614.000000 0.107840
616.000000 0.129408
619.000000 0.064704
620.000000 0.280384
621.000000 0.289632
622.000000 0.097056
623.000000 0.107840
625.000000 0.140192
626.000000 0.129408
627.000000 0.150976
628.000000 0.129408
629.000000 0.140192
630.000000 0.107840
631.000000 0.118624
632.000000 0.118624
633.000000 0.107840
642.000000 0.060096
643.000000 0.163424
645.000000 0.423520
646.000000 0.053920
647.000000 0.021568
649.000000 0.021568
651.000000 0.010784
655.000000 0.010784
664.000000 0.021568
665.000000 0.075488
666.000000 0.086272
667.000000 0.097056
668.000000 0.097056
669.000000 0.075488
670.000000 0.107840
675.000000 0.021568
676.000000 0.097056
678.000000 0.483744
679.000000 0.107840
680.000000 0.107840
681.000000 0.150976
682.000000 0.118624
684.000000 0.150976
685.000000 0.150976
686.000000 0.150976
687.000000 0.140192
688.000000 0.129408
693.000000 0.129408
694.000000 0.092448
695.000000 0.274208
696.000000 0.388224
698.000000 0.086272
699.000000 0.129408
700.000000 0.129408
701.000000 0.118624
702.000000 0.118624
703.000000 0.129408
706.000000 0.097056
707.000000 0.118624
708.000000 0.257280
709.000000 0.053920
710.000000 0.129408
711.000000 0.107840
712.000000 0.129408
714.000000 0.118624
715.000000 0.140192
716.000000 0.172544
717.000000 0.075488
719.000000 0.140192
721.000000 0.097056
722.000000 0.053920
723.000000 0.129408
726.000000 0.097056
727.000000 0.258816
728.000000 0.506848
730.000000 0.183328
731.000000 0.194112
732.000000 0.172544
733.000000 0.172544
735.000000 0.043136
736.000000 0.300416
737.000000 0.129408
738.000000 0.129408
739.000000 0.086272
740.000000 0.107840
741.000000 0.129408
742.000000 0.097056
744.000000 0.140192
745.000000 0.140192
746.000000 0.150976
751.000000 0.163424
753.000000 0.613024
755.000000 0.064704
757.000000 0.021568
758.000000 0.140192
759.000000 0.172544
760.000000 0.150976
761.000000 0.172544
762.000000 0.150976
764.000000 0.194112
765.000000 0.237248
767.000000 0.084736
768.000000 0.172544
769.000000 0.204896
770.000000 0.237248
771.000000 0.269600
772.000000 0.204896
773.000000 0.237248
778.000000 0.081664
779.000000 0.619296
780.000000 0.215680
783.000000 0.174208
784.000000 0.559104
785.000000 0.226464
786.000000 0.073952
787.000000 0.129408
788.000000 0.172544
789.000000 0.248032
790.000000 0.215680
791.000000 0.204896
793.000000 0.215680
796.000000 0.172544
797.000000 0.301952
798.000000 0.496064
799.000000 0.097056
800.000000 0.118624
801.000000 0.118624
802.000000 0.150976
803.000000 0.107840
806.000000 0.010784
808.000000 0.516096
809.000000 0.129408
810.000000 0.140192
811.000000 0.194112
812.000000 0.140192
813.000000 0.140192
814.000000 0.150976
815.000000 0.172544
816.000000 0.172544
820.000000 0.118624
821.000000 0.301952
822.000000 0.399008
823.000000 0.140192
824.000000 0.118624
825.000000 0.107840
826.000000 0.107840
827.000000 0.086272
829.000000 0.129408
830.000000 0.086272
831.000000 0.053920
832.000000 0.107840
836.000000 0.075488
837.000000 0.129408
839.000000 0.084736
840.000000 0.097056
841.000000 0.118624
843.000000 0.140192
844.000000 0.140192
845.000000 0.161760
846.000000 0.129408
847.000000 0.107840
848.000000 0.129408
849.000000 0.161760
850.000000 0.140192
854.000000 0.106176
855.000000 0.249696
856.000000 0.506848
857.000000 0.150976
859.000000 0.161760
860.000000 0.161760
862.000000 0.107840
863.000000 0.140192
864.000000 0.238912
865.000000 0.136992
866.000000 0.150976
867.000000 0.129408
868.000000 0.129408
869.000000 0.140192
870.000000 0.161760
871.000000 0.140192
872.000000 0.161760
873.000000 0.150976
875.000000 0.140192
878.000000 0.021568
879.000000 0.280384
880.000000 0.409792
881.000000 0.107840
882.000000 0.107840
883.000000 0.107840
884.000000 0.097056
886.000000 0.150976
887.000000 0.150976
890.000000 0.021568
892.000000 0.494528
893.000000 0.118624
894.000000 0.129408
895.000000 0.129408
896.000000 0.172544
897.000000 0.140192
898.000000 0.150976
902.000000 0.174208
903.000000 0.483616
904.000000 0.161760
905.000000 0.129408
906.000000 0.172544
908.000000 0.204896
909.000000 0.140192
910.000000 0.107840
911.000000 0.129408
912.000000 0.107840
913.000000 0.107840
914.000000 0.097056
916.000000 0.118624
917.000000 0.172544
919.000000 0.127872
