0.000000 0.395584
1.000000 0.556152
2.000000 0.586872
3.000000 0.361152
4.000000 0.423192
5.000000 0.425024
6.000000 0.470712
7.000000 0.526304
8.000000 0.580032
9.000000 0.623808
10.000000 0.479448
11.000000 0.426816
12.000000 0.206504
13.000000 0.284544
14.000000 0.499720
15.000000 1.167088
16.000000 0.556048
17.000000 1.624048
18.000000 1.179048
19.000000 1.568040
20.000000 1.564560
21.000000 1.429360
22.000000 1.379344
23.000000 1.005728
24.000000 1.477360
25.000000 1.519704
26.000000 1.384424
27.000000 1.158016
28.000000 1.383712
30.000000 1.320904
31.000000 1.532552
32.000000 1.607672
33.000000 1.432464
34.000000 1.562800
35.000000 1.345736
36.000000 1.374928
37.000000 1.186240
38.000000 1.150824
39.000000 1.279248
40.000000 1.337832
41.000000 1.328400
42.000000 1.357344
43.000000 1.494064
44.000000 1.276440
45.000000 1.319280
46.000000 1.520560
47.000000 1.641072
48.000000 1.063952
49.000000 1.419072
51.000000 1.209576
52.000000 1.015984
53.000000 0.948632
54.000000 1.092632
55.000000 0.983032
56.000000 1.205384
57.000000 1.051528
58.000000 1.259816
59.000000 1.101072
60.000000 1.618992
61.000000 1.654536
62.000000 1.983976
63.000000 1.462232
64.000000 1.543304
65.000000 0.959880
66.000000 1.564992
67.000000 1.279512
68.000000 1.291248
69.000000 1.080280
70.000000 1.064776
71.000000 1.009440
72.000000 1.349392
73.000000 1.140384
74.000000 0.908352
75.000000 0.692856
76.000000 1.327880
77.000000 1.177656
79.000000 0.642360
80.000000 0.621336
81.000000 0.968416
82.000000 1.158656
83.000000 0.855104
84.000000 0.842688
86.000000 0.328320
87.000000 0.363664
88.000000 1.192896
89.000000 1.057000
90.000000 1.029792
91.000000 0.846984
92.000000 0.612064
93.000000 1.083456
94.000000 0.537416
95.000000 0.295488
96.000000 0.459648
97.000000 0.153216
98.000000 0.284544
99.000000 0.329048
100.000000 0.689472
101.000000 0.715560
102.000000 0.302864
103.000000 0.645696
104.000000 0.317376
105.000000 0.253024
106.000000 0.175104
107.000000 0.590976
108.000000 0.232176
110.000000 0.218880
111.000000 1.058304
112.000000 1.378944
113.000000 0.716840
114.000000 0.597776
115.000000 0.623808
116.000000 0.561848
117.000000 0.404928
118.000000 0.339264
119.000000 0.405176
120.000000 0.404928
121.000000 0.527928
122.000000 0.645696
123.000000 0.559728
124.000000 0.809856
125.000000 0.684976
126.000000 0.800952
127.000000 1.152568
128.000000 0.949936
129.000000 1.155792
130.000000 1.313280
131.000000 0.934648
132.000000 1.171008
133.000000 1.079672
134.000000 1.324176
135.000000 0.767304
136.000000 1.494016
137.000000 1.059880
138.000000 1.572304
139.000000 1.648424
141.000000 1.141872
142.000000 1.407128
143.000000 1.348616
144.000000 1.030376
145.000000 1.207848
146.000000 1.288416
147.000000 1.245088
148.000000 1.040984
149.000000 1.463040
150.000000 1.436968
151.000000 1.187592
152.000000 1.495480
153.000000 1.461520
154.000000 1.485208
155.000000 1.671232
156.000000 1.695640
157.000000 1.162104
158.000000 1.400192
159.000000 1.613784
160.000000 1.940360
161.000000 1.655568
162.000000 1.555864
163.000000 1.675416
164.000000 1.433480
165.000000 1.165608
166.000000 0.974016
167.000000 0.389584
168.000000 0.744192
170.000000 0.660672
171.000000 1.176440
172.000000 1.574920
173.000000 1.257832
174.000000 1.522712
175.000000 1.402592
176.000000 1.818576
177.000000 1.558720
178.000000 1.991064
179.000000 1.236560
180.000000 1.634352
181.000000 2.116640
182.000000 1.308000
183.000000 1.827504
184.000000 1.034040
185.000000 1.678576
186.000000 1.216496
187.000000 1.393784
188.000000 1.510272
189.000000 0.855992
191.000000 1.031000
192.000000 1.304384
193.000000 0.737584
194.000000 0.843216
195.000000 1.017328
196.000000 1.078504
197.000000 0.823848
198.000000 0.941488
200.000000 1.194360
201.000000 0.795176
202.000000 0.642520
203.000000 0.829800
204.000000 0.972376
205.000000 1.001352
206.000000 1.701560
207.000000 1.839024
208.000000 0.199552
209.000000 1.294272
210.000000 1.450200
211.000000 1.409896
212.000000 1.211144
213.000000 1.714160
214.000000 1.662360
215.000000 1.580808
216.000000 1.446536
217.000000 1.412544
218.000000 1.483928
219.000000 1.385432
220.000000 1.282840
221.000000 1.151504
222.000000 1.638528
223.000000 1.114200
225.000000 1.306576
226.000000 1.318216
227.000000 1.242448
228.000000 1.066648
229.000000 1.413824
230.000000 1.313312
231.000000 0.989288
232.000000 0.837232
233.000000 0.964536
234.000000 1.001856
235.000000 0.984960
236.000000 0.541304
237.000000 0.884216
238.000000 0.908352
239.000000 0.589440
240.000000 0.700416
241.000000 0.301504
242.000000 0.370152
243.000000 0.612864
244.000000 0.436520
245.000000 0.689472
246.000000 0.785208
248.000000 0.662680
249.000000 0.855656
250.000000 0.889856
251.000000 0.918368
252.000000 0.933784
253.000000 1.031040
254.000000 0.973816
255.000000 0.795440
256.000000 0.715936
257.000000 0.710416
258.000000 0.977496
259.000000 0.857312
260.000000 0.809856
261.000000 0.656936
262.000000 0.814944
263.000000 0.600112
264.000000 0.728912
265.000000 0.536256
267.000000 0.340880
268.000000 0.251712
269.000000 0.448704
270.000000 0.273600
276.000000 0.043776
277.000000 0.515848
278.000000 1.268704
279.000000 1.373536
280.000000 1.731144
281.000000 1.133112
283.000000 1.286704
284.000000 1.246576
285.000000 1.075336
286.000000 0.875520
287.000000 0.065664
288.000000 0.179736
289.000000 0.777024
290.000000 0.331952
291.000000 0.601920
292.000000 0.256792
293.000000 0.328320
294.000000 0.120384
295.000000 0.867512
296.000000 0.593880
297.000000 1.105688
298.000000 0.847440
299.000000 0.722304
300.000000 0.424744
301.000000 0.590976
302.000000 0.437312
303.000000 0.825544
304.000000 0.990760
305.000000 0.860808
307.000000 0.560200
308.000000 0.840728
309.000000 0.645696
310.000000 0.546696
311.000000 0.665328
312.000000 0.766080
313.000000 0.465304
314.000000 0.556688
315.000000 0.733248
316.000000 0.626384
317.000000 0.691592
318.000000 0.664256
319.000000 0.609248
320.000000 0.650000
321.000000 0.632512
322.000000 0.625008
323.000000 0.757096
324.000000 0.632848
325.000000 0.595696
326.000000 0.625856
327.000000 0.627440
328.000000 0.651760
329.000000 0.623688
330.000000 0.639584
332.000000 0.671168
333.000000 0.719032
334.000000 0.355768
335.000000 0.622320
336.000000 0.811016
337.000000 0.684144
338.000000 0.753864
339.000000 0.752888
340.000000 0.525312
341.000000 0.334696
342.000000 0.426816
343.000000 0.456608
344.000000 0.547200
345.000000 0.457936
346.000000 0.493440
347.000000 0.542344
348.000000 0.500192
349.000000 0.589112
350.000000 0.587648
351.000000 0.626512
353.000000 0.505496
354.000000 0.502432
355.000000 0.578000
356.000000 0.585216
357.000000 0.568408
358.000000 0.575808
359.000000 0.458064
360.000000 0.536048
361.000000 0.625240
362.000000 0.442072
363.000000 0.415872
364.000000 0.268072
365.000000 0.392648
366.000000 0.494664
367.000000 0.416096
368.000000 0.131328
369.000000 0.368360
370.000000 0.759296
371.000000 0.650752
372.000000 0.910232
373.000000 1.110864
374.000000 0.519184
375.000000 0.493960
376.000000 0.602056
377.000000 0.681192
378.000000 0.580240
380.000000 0.874680
381.000000 0.922736
382.000000 0.996896
383.000000 1.134616
384.000000 0.822304
385.000000 1.181632
386.000000 1.224808
387.000000 1.429312
388.000000 1.144280
389.000000 1.372936
390.000000 1.164312
391.000000 1.171288
392.000000 1.430696
393.000000 1.443488
394.000000 1.461896
395.000000 1.297640
396.000000 0.531320
397.000000 1.298768
398.000000 1.323592
400.000000 1.386200
401.000000 1.215392
402.000000 1.205624
403.000000 1.214784
404.000000 0.580360
405.000000 0.952128
406.000000 0.894880
407.000000 0.906616
408.000000 0.701024
409.000000 0.965552
410.000000 1.016000
411.000000 1.110632
412.000000 1.190264
413.000000 1.236248
414.000000 1.233696
415.000000 1.196552
416.000000 1.255112
417.000000 1.320632
418.000000 1.340512
419.000000 1.237024
420.000000 1.442856
421.000000 0.777024
423.000000 1.099080
424.000000 1.338888
425.000000 1.128232
426.000000 1.147760
427.000000 1.027496
428.000000 1.017792
429.000000 0.579784
430.000000 0.465992
432.000000 0.882856
433.000000 0.729464
434.000000 1.144736
435.000000 1.179544
436.000000 1.505320
437.000000 1.004152
438.000000 0.844792
439.000000 1.302896
440.000000 1.459728
441.000000 1.400360
442.000000 1.376864
443.000000 0.905432
444.000000 0.987824
445.000000 0.806912
446.000000 0.894520
447.000000 0.836776
448.000000 1.085552
449.000000 1.227400
450.000000 1.028736
451.000000 0.606048
452.000000 0.317376
453.000000 0.318888
454.000000 0.796128
455.000000 0.873576
456.000000 1.285200
458.000000 1.105344
459.000000 1.279696
460.000000 1.470024
461.000000 1.336248
462.000000 1.273624
463.000000 1.385064
464.000000 1.333504
465.000000 0.939880
466.000000 1.129264
467.000000 1.289808
468.000000 1.430808
469.000000 1.101968
470.000000 1.477576
471.000000 1.271456
472.000000 1.564648
473.000000 1.444720
474.000000 1.478520
475.000000 1.544480
476.000000 1.283992
477.000000 1.138176
478.000000 0.520312
479.000000 1.140088
480.000000 1.258560
481.000000 0.478960
483.000000 0.273600
484.000000 0.361152
485.000000 1.060072
486.000000 1.498312
487.000000 1.446232
488.000000 1.406480
489.000000 1.435280
490.000000 1.247592
491.000000 1.199416
492.000000 1.131824
493.000000 1.149120
494.000000 0.947488
495.000000 0.877544
496.000000 1.282160
497.000000 1.144984
498.000000 0.968456
499.000000 1.011864
500.000000 1.012976
501.000000 0.667656
502.000000 0.678528
503.000000 0.517776
504.000000 0.741528
505.000000 0.900496
506.000000 1.050624
507.000000 0.861288
508.000000 0.990728
509.000000 0.837904
511.000000 1.148296
512.000000 1.280448
513.000000 0.491096
514.000000 0.361152
515.000000 0.558144
516.000000 0.553152
517.000000 0.612864
518.000000 0.552920
519.000000 0.733248
520.000000 0.667016
521.000000 0.700416
522.000000 0.718696
523.000000 0.744192
524.000000 0.798912
526.000000 0.602704
527.000000 0.744192
528.000000 0.766080
529.000000 0.583720
530.000000 0.842688
531.000000 0.683120
532.000000 0.755136
533.000000 0.809856
534.000000 0.646448
535.000000 0.919296
536.000000 0.628080
537.000000 0.864576
538.000000 0.884632
539.000000 0.952128
540.000000 0.701896
541.000000 0.853632
542.000000 0.621784
543.000000 0.831744
544.000000 0.673200
545.000000 0.930240
546.000000 0.506344
547.000000 0.755136
548.000000 0.711360
549.000000 0.494952
550.000000 0.634752
551.000000 0.131072
552.000000 1.240960
553.000000 0.897408
554.000000 0.686608
555.000000 0.853632
556.000000 0.675128
557.000000 0.864576
559.000000 0.875520
560.000000 0.599696
561.000000 0.820800
562.000000 0.653056
563.000000 0.897408
564.000000 0.783576
565.000000 1.225728
566.000000 0.973056
567.000000 0.820800
568.000000 0.590872
569.000000 0.426816
570.000000 0.021888
571.000000 0.547440
572.000000 0.930240
573.000000 0.796248
574.000000 0.755136
576.000000 0.468512
577.000000 1.006848
578.000000 0.948104
579.000000 1.247616
580.000000 1.116288
581.000000 0.755672
582.000000 1.083456
583.000000 1.525120
584.000000 1.059624
585.000000 1.543104
586.000000 0.942248
587.000000 0.580032
588.000000 0.120384
589.000000 1.127232
590.000000 1.097040
591.000000 1.532160
592.000000 1.422720
593.000000 1.148616
594.000000 1.324224
595.000000 1.346112
596.000000 1.003632
597.000000 0.864576
598.000000 1.028736
599.000000 1.192896
600.000000 1.058512
601.000000 1.127232
602.000000 1.094400
603.000000 1.181952
604.000000 0.536256
605.000000 0.756112
606.000000 0.558144
607.000000 0.820800
608.000000 0.787968
609.000000 0.744192
610.000000 0.777024
611.000000 0.853632
612.000000 1.006848
613.000000 0.900128
614.000000 1.368000
615.000000 1.302336
616.000000 1.258560
617.000000 1.217152
618.000000 1.028736
620.000000 1.258560
621.000000 1.433664
622.000000 1.674432
623.000000 1.346632
624.000000 1.893312
625.000000 1.849536
626.000000 1.312608
627.000000 1.751040
628.000000 1.050624
629.000000 1.193848
630.000000 1.313280
631.000000 1.543104
632.000000 1.575936
633.000000 1.210168
634.000000 0.908352
635.000000 1.225728
636.000000 1.488384
637.000000 1.378944
638.000000 0.786648
639.000000 1.389888
640.000000 1.346112
641.000000 1.269504
642.000000 1.346112
643.000000 0.937392
644.000000 1.203840
645.000000 1.280448
646.000000 1.368000
647.000000 1.214784
648.000000 0.995904
649.000000 0.378256
650.000000 0.196992
651.000000 0.295488
652.000000 0.339264
653.000000 0.207936
655.000000 0.142272
703.000000 0.032832
704.000000 0.098496
706.000000 0.142272
707.000000 0.142272
708.000000 0.131328
709.000000 0.142272
710.000000 0.164160
711.000000 0.186048
712.000000 0.175104
713.000000 0.196992
714.000000 0.186048
715.000000 0.186048
716.000000 0.175104
718.000000 0.186048
719.000000 0.207936
720.000000 0.207936
721.000000 0.251712
722.000000 0.218880
723.000000 0.207936
724.000000 0.240768
725.000000 0.186048
789.000000 0.175104
790.000000 0.032832
792.000000 0.087552
793.000000 0.536256
794.000000 0.142272
795.000000 0.273600
796.000000 0.284288
797.000000 0.153472
801.000000 0.244152
802.000000 0.043776
804.000000 0.065664
806.000000 0.087552
807.000000 0.032832
822.000000 0.021888
823.000000 0.032832
824.000000 0.065664
827.000000 0.010944
828.000000 0.076608
829.000000 0.229824
830.000000 0.109440
831.000000 0.186048
833.000000 0.153216
834.000000 0.153216
835.000000 0.153216
836.000000 0.142272
837.000000 0.131328
838.000000 0.175104
839.000000 0.120384
840.000000 0.142272
841.000000 0.153216
842.000000 0.153216
843.000000 0.109440
844.000000 0.142272
845.000000 0.196992
846.000000 0.196992
847.000000 0.164160
848.000000 0.207936
850.000000 0.142272
851.000000 0.218880
852.000000 0.196992
853.000000 0.175104
854.000000 0.023160
855.000000 0.207936
856.000000 0.175104
857.000000 0.186048
858.000000 0.207936
859.000000 0.207936
860.000000 0.196992
861.000000 0.251712
862.000000 0.175104
863.000000 0.251712
865.000000 0.207936
866.000000 0.196992
867.000000 0.196992
868.000000 0.207936
869.000000 0.142272
870.000000 0.186048
871.000000 0.186048
872.000000 0.207936
873.000000 0.186048
874.000000 0.218880
875.000000 0.229824
877.000000 0.218880
878.000000 0.175104
879.000000 0.196992
881.000000 0.163904
883.000000 0.342584
884.000000 0.030888
885.000000 0.120384
886.000000 0.196992
887.000000 0.196992
889.000000 0.207936
890.000000 0.273600
891.000000 0.218880
892.000000 0.218880
893.000000 0.175104
894.000000 0.262656
895.000000 0.207936
896.000000 0.262656
897.000000 0.229824
898.000000 0.251712
899.000000 0.218880
901.000000 0.164160
902.000000 0.240768
903.000000 0.207936
904.000000 0.218880
905.000000 0.240768
906.000000 0.218880
907.000000 0.218880
908.000000 0.229824
909.000000 0.240768
910.000000 0.229824
911.000000 0.196992
912.000000 0.218880
914.000000 0.065664
915.000000 0.339264
916.000000 0.240768
917.000000 0.074272
918.000000 0.153216
919.000000 0.218880
920.000000 0.229824
921.000000 0.207936
922.000000 0.196992
924.000000 0.240768
925.000000 0.240768
926.000000 0.240768
927.000000 0.229824
928.000000 0.218880
929.000000 0.207936
930.000000 0.229824
931.000000 0.218880
932.000000 0.218880
933.000000 0.229824
934.000000 0.196992
935.000000 0.240768
936.000000 0.229824
937.000000 0.207936
938.000000 0.218880
939.000000 0.218880
940.000000 0.083904
941.000000 0.207936
942.000000 0.207936
943.000000 0.229824
944.000000 0.207936
946.000000 0.218880
947.000000 0.207936
948.000000 0.186048
949.000000 0.186048
950.000000 0.229824
959.000000 0.142272
960.000000 0.218880
961.000000 0.492480
962.000000 1.028736
967.000000 0.675176
968.000000 0.142272
969.000000 0.186048
970.000000 0.218880
971.000000 0.240768
973.000000 0.229824
974.000000 0.207936
975.000000 0.229824
976.000000 0.186048
977.000000 0.229824
978.000000 0.207936
979.000000 0.207936
980.000000 0.196992
981.000000 0.207936
982.000000 0.240768
983.000000 0.196992
985.000000 0.207936
986.000000 0.164160
987.000000 0.164160
988.000000 0.186048
989.000000 0.207936
990.000000 0.229824
991.000000 0.175104
992.000000 0.229824
997.000000 0.120384
999.000000 0.922320
1000.000000 0.087552
1001.000000 0.164160
1002.000000 0.186048
1004.000000 0.229824
1005.000000 0.207936
1006.000000 0.153216
1007.000000 0.175104
1008.000000 0.153216
1009.000000 0.142272
1010.000000 0.131328
1011.000000 0.142272
1012.000000 0.142272
1013.000000 0.142272
1014.000000 0.142272
1015.000000 0.120384
1017.000000 0.153216
1018.000000 0.109440
1019.000000 0.120384
1021.000000 0.098496
1022.000000 0.065664
1023.000000 0.076608
1024.000000 0.054720
1026.000000 0.076608
1027.000000 0.054720
1031.000000 0.010944
1041.000000 0.010944
1042.000000 0.229824
1044.000000 1.302336
1045.000000 0.054720
1046.000000 0.120384
1047.000000 0.131328
1048.000000 0.175104
1049.000000 0.175104
1050.000000 0.131328
1051.000000 0.142272
1052.000000 0.087552
1053.000000 0.087552
1055.000000 0.076608
1056.000000 0.098496
1057.000000 0.065664
1058.000000 0.054720
1059.000000 0.098496
1061.000000 0.076608
1064.000000 0.120384
1067.000000 0.167832
1068.000000 0.054720
1069.000000 0.120384
1070.000000 0.131328
1071.000000 0.109440
1072.000000 0.142272
1073.000000 0.066736
1074.000000 0.142272
1076.000000 0.109440
1077.000000 0.120384
1078.000000 0.120384
1079.000000 0.067000
1080.000000 0.109440
1081.000000 0.098496
1086.000000 0.131072
1087.000000 0.254128
1088.000000 0.065664
1089.000000 0.087552
1091.000000 0.065664
1092.000000 0.142272
1093.000000 0.076608
1094.000000 0.065664
1095.000000 0.063832
1097.000000 0.054720
1098.000000 0.087552
1099.000000 0.098496
1100.000000 0.109440
1101.000000 0.087552
1102.000000 0.076608
1104.000000 0.061968
1105.000000 0.054720
1106.000000 0.109440
1107.000000 0.120384
1108.000000 0.098496
1109.000000 0.087552
1110.000000 0.109440
1111.000000 0.098496
1113.000000 0.087552
1114.000000 0.047896
1115.000000 0.098496
1116.000000 0.109440
1117.000000 0.098496
1118.000000 0.120384
1119.000000 0.126120
1120.000000 0.153216
1121.000000 0.142272
1122.000000 0.153216
1123.000000 0.124912
1124.000000 0.164160
1125.000000 0.164160
1126.000000 0.103432
1127.000000 0.142272
1128.000000 0.164160
1129.000000 0.131328
1131.000000 0.091672
1132.000000 0.164160
1133.000000 0.164160
1134.000000 0.124736
1135.000000 0.098496
1136.000000 0.175104
1137.000000 0.120384
1138.000000 0.148728
1139.000000 0.153216
1140.000000 0.131328
1142.000000 0.087024
1143.000000 0.153216
1144.000000 0.164160
1145.000000 0.106640
1146.000000 0.153216
1147.000000 0.153216
1148.000000 0.101112
1150.000000 0.131328
1151.000000 0.142272
1152.000000 0.101256
1153.000000 0.153216
1154.000000 0.109440
1155.000000 0.148112
1156.000000 0.052792
1157.000000 0.142272
1158.000000 0.109440
