0.000000 1.608768
1.000000 1.668032
2.000000 2.352960
3.000000 1.624256
4.000000 1.915200
5.000000 1.383488
6.000000 1.532160
7.000000 1.022336
8.000000 0.820800
9.000000 0.623808
10.000000 0.514368
11.000000 0.383040
13.000000 0.934784
14.000000 0.733248
15.000000 0.120384
16.000000 2.079360
17.000000 2.226176
18.000000 1.777472
19.000000 2.243520
20.000000 1.821248
21.000000 2.138624
22.000000 2.243520
23.000000 1.777472
24.000000 1.455552
25.000000 0.569088
26.000000 0.229824
27.000000 0.153216
28.000000 0.043776
29.000000 0.168704
31.000000 0.098496
32.000000 1.433664
33.000000 0.569088
34.000000 0.601920
35.000000 0.759680
36.000000 0.645696
37.000000 0.820800
38.000000 1.050624
39.000000 0.683072
40.000000 0.437760
41.000000 0.711360
42.000000 0.842688
43.000000 0.930240
44.000000 0.956672
45.000000 1.761984
46.000000 1.175552
47.000000 1.761984
48.000000 1.230272
49.000000 0.612864
50.000000 0.787968
51.000000 0.547200
52.000000 0.153216
53.000000 1.427264
54.000000 1.203840
55.000000 1.138176
56.000000 1.153664
57.000000 1.488384
58.000000 1.416320
59.000000 1.674432
60.000000 1.569536
61.000000 1.838592
62.000000 1.865024
63.000000 2.035584
64.000000 1.317800
65.000000 2.276352
66.000000 1.733720
67.000000 1.919744
68.000000 2.112192
69.000000 1.657088
70.000000 2.145024
71.000000 1.569536
72.000000 1.751040
73.000000 1.252160
74.000000 1.794816
75.000000 1.635200
76.000000 1.707264
77.000000 1.514816
79.000000 1.652544
80.000000 1.711808
81.000000 1.378944
82.000000 1.197440
83.000000 1.630656
84.000000 1.569536
85.000000 1.543104
86.000000 1.335168
87.000000 1.241216
88.000000 1.532160
89.000000 1.120832
90.000000 1.619712
91.000000 1.219328
92.000000 1.641600
93.000000 1.608768
94.000000 1.755584
95.000000 1.744640
96.000000 1.575936
97.000000 1.711808
98.000000 1.269504
99.000000 1.247616
100.000000 1.153664
101.000000 1.072512
102.000000 0.503424
103.000000 0.350208
104.000000 0.426816
105.000000 0.321920
106.000000 0.273600
107.000000 0.295488
108.000000 0.841344
109.000000 0.789312
110.000000 0.886464
111.000000 0.507968
112.000000 0.590976
114.000000 0.284544
115.000000 0.875520
116.000000 1.416320
117.000000 2.013696
118.000000 1.536704
119.000000 1.707264
120.000000 1.547648
121.000000 1.882368
122.000000 1.624256
123.000000 2.002752
124.000000 1.295936
125.000000 1.783872
126.000000 1.460096
127.000000 1.991808
128.000000 1.777472
129.000000 2.105792
130.000000 2.320128
131.000000 2.072960
132.000000 2.160512
133.000000 2.506176
134.000000 2.029184
135.000000 2.018240
136.000000 1.991808
137.000000 1.438208
138.000000 1.072512
139.000000 1.707264
140.000000 1.317824
141.000000 1.521216
142.000000 1.317824
143.000000 1.400832
144.000000 1.339712
145.000000 1.324224
146.000000 1.444608
147.000000 1.241216
148.000000 1.619712
149.000000 1.514816
150.000000 1.958976
151.000000 1.471048
152.000000 1.761984
153.000000 0.934784
154.000000 1.586880
155.000000 1.525760
156.000000 1.674432
158.000000 1.602368
159.000000 1.302336
160.000000 1.160064
161.000000 0.814400
162.000000 0.601920
163.000000 1.302336
164.000000 1.372544
165.000000 1.893312
166.000000 1.865024
167.000000 1.991808
168.000000 1.799360
169.000000 1.948032
170.000000 1.613312
171.000000 1.564992
172.000000 1.098944
173.000000 0.831744
175.000000 0.426816
176.000000 1.203840
177.000000 1.055168
178.000000 1.072512
179.000000 0.831744
180.000000 0.562688
181.000000 1.028736
182.000000 0.842688
183.000000 1.247616
184.000000 0.967616
185.000000 1.138176
186.000000 1.072512
187.000000 0.737792
188.000000 1.061568
189.000000 1.028736
190.000000 0.934784
191.000000 1.160064
192.000000 1.072512
193.000000 1.000448
194.000000 1.181952
195.000000 1.258560
196.000000 1.120832
197.000000 1.247616
198.000000 1.258560
199.000000 0.945728
200.000000 1.291392
201.000000 1.028736
202.000000 0.321920
203.000000 0.372096
204.000000 0.295488
205.000000 0.601920
207.000000 0.131072
208.000000 2.248320
209.000000 1.105344
210.000000 0.974016
211.000000 0.912896
212.000000 1.094400
213.000000 1.094400
214.000000 0.891000
215.000000 1.028736
216.000000 1.094400
217.000000 1.145440
219.000000 0.708640
220.000000 0.963072
221.000000 1.006848
222.000000 0.869120
223.000000 1.072512
224.000000 1.072512
225.000000 0.912896
226.000000 1.127232
227.000000 1.083456
228.000000 1.022336
229.000000 1.149120
230.000000 1.127232
231.000000 1.000448
232.000000 1.072512
233.000000 1.061568
234.000000 0.984960
235.000000 0.858176
236.000000 0.995904
237.000000 1.083456
238.000000 0.978560
239.000000 1.072512
240.000000 1.127232
241.000000 0.989504
242.000000 1.214784
243.000000 1.181952
244.000000 0.836288
245.000000 1.192896
246.000000 0.941184
247.000000 1.000448
248.000000 1.072512
249.000000 1.160064
250.000000 1.011392
251.000000 1.017792
252.000000 1.039680
253.000000 1.044224
254.000000 1.105344
255.000000 1.160064
256.000000 1.011392
257.000000 1.138176
258.000000 1.061568
259.000000 0.820800
260.000000 0.475136
261.000000 0.569088
262.000000 0.350208
264.000000 0.744192
265.000000 0.984960
266.000000 0.606464
267.000000 0.984960
268.000000 1.017792
269.000000 0.974016
270.000000 0.650240
271.000000 0.919296
272.000000 0.984960
273.000000 0.912896
274.000000 1.149120
275.000000 1.247616
276.000000 1.055168
277.000000 1.192896
278.000000 1.181952
279.000000 0.956672
280.000000 1.116288
281.000000 1.214784
282.000000 0.901952
283.000000 1.039680
284.000000 1.094400
285.000000 1.000456
286.000000 1.214784
287.000000 1.160064
288.000000 0.989504
289.000000 1.006848
290.000000 1.138176
291.000000 0.923840
292.000000 0.908352
293.000000 0.853632
297.000000 0.131072
298.000000 1.416576
299.000000 0.952128
300.000000 0.809856
301.000000 0.404928
302.000000 0.578816
303.000000 1.143936
304.000000 0.820800
305.000000 0.853632
306.000000 1.241216
307.000000 1.214784
308.000000 0.930240
309.000000 0.836288
310.000000 1.313280
311.000000 1.225728
312.000000 0.923840
313.000000 0.941184
314.000000 1.149120
315.000000 1.000448
316.000000 1.291392
317.000000 1.422720
318.000000 0.891008
319.000000 1.028736
320.000000 1.116288
321.000000 0.923840
322.000000 1.247616
323.000000 1.247616
324.000000 1.000448
325.000000 1.061568
326.000000 1.039680
327.000000 0.836288
328.000000 0.481536
329.000000 0.262656
330.000000 0.175104
331.000000 0.120384
332.000000 0.426816
333.000000 0.787968
334.000000 0.755136
336.000000 0.409472
337.000000 1.499328
338.000000 1.777472
339.000000 1.948032
340.000000 1.810304
341.000000 2.090304
342.000000 1.843136
343.000000 1.996352
344.000000 2.112192
345.000000 1.755584
346.000000 2.243520
347.000000 1.886912
348.000000 1.832192
349.000000 2.013696
350.000000 1.722744
351.000000 2.112192
352.000000 1.843136
353.000000 2.112192
354.000000 1.164608
355.000000 1.160064
356.000000 0.978560
357.000000 1.061568
358.000000 0.952128
359.000000 0.131072
360.000000 2.127936
361.000000 1.291392
362.000000 0.989504
363.000000 1.061568
364.000000 1.171008
365.000000 1.109888
366.000000 0.689472
368.000000 0.120384
369.000000 0.514368
370.000000 0.459648
371.000000 0.383040
372.000000 0.317376
373.000000 0.196992
375.000000 0.153216
376.000000 0.054720
415.000000 0.043776
416.000000 0.054720
417.000000 0.098496
418.000000 0.076608
420.000000 0.048160
421.000000 0.064704
422.000000 0.107840
423.000000 0.107840
424.000000 0.086272
425.000000 0.107840
426.000000 0.140192
428.000000 0.118624
429.000000 0.118624
430.000000 0.086272
431.000000 0.107840
432.000000 0.086272
439.000000 0.010784
441.000000 0.323520
442.000000 0.409792
443.000000 0.118624
444.000000 0.118624
445.000000 0.118624
446.000000 0.150976
447.000000 0.107840
452.000000 0.097056
453.000000 0.323520
454.000000 0.217344
455.000000 0.180128
456.000000 0.129408
457.000000 0.215680
459.000000 0.129408
460.000000 0.150976
461.000000 0.129408
462.000000 0.118624
463.000000 0.129408
464.000000 0.118624
465.000000 0.129408
466.000000 0.114016
467.000000 0.123232
468.000000 0.129408
472.000000 0.032352
473.000000 0.150976
474.000000 0.118624
475.000000 0.517632
476.000000 0.118624
477.000000 0.118624
478.000000 0.150976
480.000000 0.172544
481.000000 0.246496
482.000000 0.161760
483.000000 0.118624
484.000000 0.118624
485.000000 0.129408
487.000000 0.150976
488.000000 0.097056
489.000000 0.150976
490.000000 0.150976
496.000000 0.064704
497.000000 0.571552
498.000000 0.107840
499.000000 0.064704
500.000000 0.150976
502.000000 0.107840
503.000000 0.129408
504.000000 0.097056
505.000000 0.075488
546.000000 0.021568
547.000000 0.506848
548.000000 0.129408
549.000000 0.162944
550.000000 0.008064
551.000000 0.075488
552.000000 0.150976
553.000000 0.161760
554.000000 0.129408
555.000000 0.172544
556.000000 0.172544
558.000000 0.172544
559.000000 0.194112
563.000000 0.129408
564.000000 0.334304
565.000000 0.496064
566.000000 0.194112
567.000000 0.161760
568.000000 0.150976
571.000000 0.206560
573.000000 0.374240
574.000000 0.097056
575.000000 0.183328
576.000000 0.215680
577.000000 0.226464
578.000000 0.172544
579.000000 0.161760
583.000000 0.086272
584.000000 0.711744
585.000000 0.150976
586.000000 0.172544
587.000000 0.161760
588.000000 0.204896
592.000000 0.249696
593.000000 0.451264
594.000000 0.041600
595.000000 0.118624
596.000000 0.140192
597.000000 0.129408
598.000000 0.150976
599.000000 0.140192
600.000000 0.129408
601.000000 0.097056
602.000000 0.129408
604.000000 0.140192
605.000000 0.107840
606.000000 0.081664
614.000000 0.021568
615.000000 0.576160
616.000000 0.075488
617.000000 0.064704
619.000000 0.043136
620.000000 0.053920
621.000000 0.053920
622.000000 0.053920
623.000000 0.064704
624.000000 0.064704
625.000000 0.097056
626.000000 0.172544
629.000000 0.010784
631.000000 0.548448
632.000000 0.107840
633.000000 0.118624
634.000000 0.140192
635.000000 0.204896
636.000000 0.161760
637.000000 0.161760
639.000000 0.161760
642.000000 0.228128
643.000000 0.149280
644.000000 0.539232
645.000000 0.161760
646.000000 0.118624
647.000000 0.107840
648.000000 0.118624
649.000000 0.097056
650.000000 0.118624
651.000000 0.150976
653.000000 0.150976
654.000000 0.140192
656.000000 0.138656
657.000000 0.107840
658.000000 0.118624
659.000000 0.129408
660.000000 0.183328
661.000000 0.097056
662.000000 0.129408
663.000000 0.097056
664.000000 0.097056
665.000000 0.107840
666.000000 0.129408
667.000000 0.097056
669.000000 0.126272
670.000000 0.154112
671.000000 0.107840
675.000000 0.107840
676.000000 0.160800
677.000000 0.691136
678.000000 0.183328
680.000000 0.226464
681.000000 0.194112
682.000000 0.063144
683.000000 0.183328
684.000000 0.204896
685.000000 0.183328
687.000000 0.248032
688.000000 0.226464
689.000000 0.194112
692.000000 0.135584
693.000000 0.295776
694.000000 0.506848
695.000000 0.150976
696.000000 0.172544
697.000000 0.140192
701.000000 0.174208
702.000000 0.116960
705.000000 0.322008
706.000000 0.097056
707.000000 0.172544
708.000000 0.150976
709.000000 0.150976
710.000000 0.172544
711.000000 0.161760
713.000000 0.172544
714.000000 0.118624
718.000000 0.118624
719.000000 0.625472
720.000000 0.183328
722.000000 0.172544
723.000000 0.161760
724.000000 0.140192
725.000000 0.129408
728.000000 0.174208
729.000000 0.248032
730.000000 0.115424
731.000000 0.075488
732.000000 0.107840
733.000000 0.086272
734.000000 0.097056
736.000000 0.086272
737.000000 0.097056
738.000000 0.086272
739.000000 0.064704
741.000000 0.075488
742.000000 0.043136
752.000000 0.163424
753.000000 0.332640
754.000000 0.097056
755.000000 0.097056
756.000000 0.129408
757.000000 0.097056
759.000000 0.097056
760.000000 0.097056
761.000000 0.118624
762.000000 0.075488
763.000000 0.043136
764.000000 0.053920
766.000000 0.097056
767.000000 0.086272
768.000000 0.161760
769.000000 0.097056
771.000000 0.150976
772.000000 0.086272
773.000000 0.064704
774.000000 0.097056
775.000000 0.118624
782.000000 0.095520
783.000000 0.107840
784.000000 0.140192
785.000000 0.129408
786.000000 0.161760
787.000000 0.161760
789.000000 0.161760
790.000000 0.161760
791.000000 0.150976
795.000000 0.150976
797.000000 0.366656
798.000000 0.420576
799.000000 0.161760
800.000000 0.118624
801.000000 0.118624
802.000000 0.150976
805.000000 0.140192
807.000000 0.472960
809.000000 0.161760
810.000000 0.161760
811.000000 0.172544
812.000000 0.150976
813.000000 0.140192
814.000000 0.172544
815.000000 0.161760
