0.000000 1.072512
3.000000 0.131072
4.000000 3.058176
5.000000 1.827648
6.000000 1.919744
7.000000 1.996352
8.000000 2.057472
9.000000 1.700864
10.000000 2.079360
11.000000 1.657088
12.000000 1.860480
13.000000 1.700872
14.000000 2.127680
15.000000 2.342016
16.000000 0.934784
17.000000 1.564992
18.000000 1.481984
19.000000 1.433664
20.000000 1.171008
21.000000 1.230272
22.000000 1.685376
23.000000 0.934784
24.000000 0.361152
25.000000 0.974016
26.000000 1.466496
27.000000 1.164608
28.000000 1.368000
29.000000 1.131776
30.000000 1.783872
31.000000 2.280896
32.000000 1.969920
33.000000 1.624256
34.000000 1.751040
35.000000 1.022336
36.000000 1.346112
38.000000 1.306880
39.000000 1.652544
40.000000 1.368000
41.000000 1.000448
42.000000 1.247616
43.000000 1.569536
44.000000 1.663488
45.000000 1.416320
46.000000 1.630656
47.000000 1.558592
48.000000 1.663488
49.000000 0.623808
50.000000 0.634752
51.000000 0.781568
52.000000 1.203840
53.000000 1.313280
54.000000 1.197440
55.000000 1.510272
56.000000 1.317824
57.000000 1.805760
58.000000 1.405376
59.000000 1.444608
60.000000 1.492928
61.000000 1.597824
62.000000 1.668024
63.000000 1.751040
64.000000 1.525760
65.000000 1.827648
66.000000 1.624256
67.000000 1.937088
68.000000 1.689920
69.000000 1.816704
70.000000 1.755584
71.000000 2.199744
72.000000 1.974464
73.000000 1.919744
74.000000 2.309184
75.000000 1.854080
76.000000 2.029184
77.000000 2.079360
78.000000 1.777472
79.000000 2.079360
80.000000 1.832192
81.000000 2.062016
82.000000 2.451456
83.000000 1.952576
84.000000 2.204136
85.000000 2.440512
86.000000 1.077208
87.000000 2.210688
88.000000 1.427240
89.000000 1.499328
90.000000 2.269976
91.000000 2.204288
92.000000 2.429568
93.000000 2.226176
94.000000 2.248064
95.000000 2.615616
97.000000 1.996352
98.000000 2.083912
99.000000 2.134080
100.000000 1.766528
101.000000 2.075672
102.000000 2.021928
103.000000 2.237120
104.000000 2.254464
105.000000 2.018240
106.000000 2.116736
107.000000 2.331072
108.000000 2.018240
109.000000 2.259008
110.000000 2.412224
111.000000 1.718208
112.000000 0.908352
113.000000 0.131072
114.000000 0.978816
115.000000 0.558144
116.000000 0.634752
117.000000 0.689472
118.000000 0.470592
119.000000 0.455960
120.000000 0.238056
121.000000 0.273600
123.000000 0.043776
124.000000 0.514368
125.000000 0.317376
126.000000 0.361152
127.000000 0.175104
128.000000 0.218880
129.000000 0.690432
130.000000 0.474176
131.000000 0.919296
132.000000 1.127232
133.000000 1.171008
134.000000 1.077056
135.000000 1.400832
137.000000 1.350656
138.000000 1.039680
139.000000 1.324224
140.000000 0.956672
141.000000 1.181952
142.000000 1.214784
143.000000 1.186496
144.000000 1.368000
145.000000 1.109888
146.000000 1.116288
147.000000 1.203840
148.000000 1.066112
149.000000 1.346112
150.000000 1.510272
151.000000 1.328768
152.000000 1.357056
153.000000 1.186496
154.000000 1.181952
155.000000 0.700416
156.000000 0.415872
157.000000 0.361152
158.000000 0.120384
166.000000 0.146816
167.000000 0.459648
168.000000 0.842688
169.000000 0.984960
170.000000 0.989496
171.000000 1.171008
172.000000 1.225728
173.000000 1.164608
174.000000 0.875520
175.000000 0.864576
176.000000 0.984960
177.000000 0.891008
178.000000 1.269504
179.000000 1.335168
180.000000 1.098944
181.000000 1.280448
182.000000 0.937504
183.000000 0.566368
184.000000 0.744192
185.000000 0.974016
186.000000 0.131072
187.000000 1.832448
188.000000 1.247616
189.000000 1.017792
190.000000 0.880064
191.000000 0.930240
193.000000 0.667584
194.000000 0.350208
195.000000 0.153216
196.000000 0.087552
197.000000 0.387584
198.000000 0.930240
199.000000 1.017792
200.000000 0.711360
201.000000 0.486080
202.000000 0.196992
203.000000 0.153216
204.000000 0.087552
238.000000 0.043776
239.000000 0.043776
240.000000 0.087552
242.000000 0.087552
243.000000 0.131328
244.000000 0.120384
245.000000 0.164160
246.000000 0.164160
247.000000 0.153216
248.000000 0.153216
252.000000 0.185792
253.000000 0.218880
254.000000 0.372352
255.000000 0.153216
256.000000 0.175104
257.000000 0.175104
258.000000 0.142272
259.000000 0.164160
261.000000 0.102880
262.000000 0.118624
263.000000 0.194112
265.000000 0.194112
266.000000 0.215680
267.000000 0.172544
268.000000 0.194112
270.000000 0.021568
271.000000 0.289504
272.000000 0.131072
273.000000 0.614688
275.000000 0.237248
276.000000 0.215680
277.000000 0.248032
278.000000 0.226464
280.000000 0.214144
281.000000 0.150976
282.000000 0.194112
283.000000 0.237248
284.000000 0.215680
285.000000 0.204896
288.000000 0.129408
289.000000 0.647040
290.000000 0.161760
291.000000 0.215680
292.000000 0.226464
293.000000 0.215680
294.000000 0.215680
296.000000 0.043136
298.000000 0.408256
299.000000 0.183328
300.000000 0.215680
301.000000 0.204896
302.000000 0.204896
303.000000 0.215680
304.000000 0.204896
306.000000 0.075488
308.000000 0.399008
309.000000 0.496064
310.000000 0.215680
311.000000 0.215680
313.000000 0.129408
314.000000 0.516096
316.000000 0.161760
317.000000 0.194112
318.000000 0.237248
319.000000 0.194112
320.000000 0.226464
321.000000 0.215680
324.000000 0.140192
327.000000 0.679392
328.000000 0.161760
329.000000 0.172544
330.000000 0.172544
331.000000 0.161760
335.000000 0.228128
337.000000 0.331104
338.000000 0.075488
339.000000 0.043136
340.000000 0.053920
342.000000 0.097056
343.000000 0.107840
345.000000 0.053920
346.000000 0.064704
363.000000 0.131072
364.000000 0.455232
365.000000 0.114144
366.000000 0.097568
371.000000 0.097056
372.000000 0.236608
373.000000 0.475136
374.000000 0.107840
375.000000 0.129408
376.000000 0.118624
377.000000 0.129408
378.000000 0.161760
379.000000 0.140192
382.000000 0.032352
383.000000 0.354336
384.000000 0.107840
385.000000 0.161760
386.000000 0.161760
387.000000 0.161760
389.000000 0.150976
390.000000 0.140192
391.000000 0.161760
392.000000 0.118624
393.000000 0.161760
397.000000 0.010784
398.000000 0.679392
399.000000 0.140192
400.000000 0.150976
401.000000 0.172544
402.000000 0.140192
403.000000 0.172544
406.000000 0.097056
408.000000 0.386688
409.000000 0.107840
410.000000 0.194112
411.000000 0.183328
412.000000 0.161760
413.000000 0.161760
414.000000 0.161760
415.000000 0.161760
416.000000 0.161760
419.000000 0.021568
420.000000 0.366656
421.000000 0.431360
422.000000 0.150976
424.000000 0.161760
425.000000 0.161760
426.000000 0.172544
428.000000 0.043136
429.000000 0.472960
431.000000 0.140192
432.000000 0.161760
433.000000 0.161760
434.000000 0.161760
435.000000 0.172544
436.000000 0.161760
437.000000 0.161760
438.000000 0.161760
442.000000 0.064704
443.000000 0.355872
444.000000 0.452928
445.000000 0.161760
446.000000 0.161760
447.000000 0.161760
448.000000 0.183328
450.000000 0.010784
451.000000 0.150976
452.000000 0.311200
453.000000 0.097056
455.000000 0.118624
458.000000 0.131072
459.000000 0.538176
460.000000 0.161120
464.000000 0.238912
465.000000 0.248032
466.000000 0.440480
467.000000 0.118624
468.000000 0.194112
469.000000 0.150976
470.000000 0.161760
471.000000 0.183328
473.000000 0.161760
474.000000 0.172544
475.000000 0.130592
476.000000 0.008064
477.000000 0.118624
478.000000 0.161760
479.000000 0.161760
480.000000 0.107840
481.000000 0.172544
483.000000 0.161760
484.000000 0.161760
485.000000 0.161760
488.000000 0.167936
490.000000 0.231072
491.000000 0.463712
492.000000 0.140192
493.000000 0.172544
494.000000 0.140192
495.000000 0.183328
498.000000 0.053920
500.000000 0.516096
501.000000 0.086272
502.000000 0.150976
503.000000 0.150976
504.000000 0.140192
505.000000 0.150976
506.000000 0.129408
507.000000 0.150976
509.000000 0.161760
514.000000 0.053920
515.000000 0.257152
516.000000 0.454592
517.000000 0.075488
519.000000 0.064704
520.000000 0.075488
521.000000 0.086272
522.000000 0.064704
539.000000 0.131072
541.000000 0.891872
542.000000 0.086272
543.000000 0.097056
544.000000 0.075488
546.000000 0.086272
547.000000 0.075488
548.000000 0.129408
549.000000 0.150976
550.000000 0.140192
551.000000 0.172544
554.000000 0.064704
555.000000 0.301952
556.000000 0.409792
557.000000 0.150976
558.000000 0.140192
559.000000 0.150976
560.000000 0.150976
562.000000 0.161760
564.000000 0.053920
565.000000 0.334304
567.000000 0.343560
568.000000 0.129408
569.000000 0.150976
570.000000 0.150976
571.000000 0.161760
573.000000 0.161760
574.000000 0.161760
575.000000 0.161760
576.000000 0.150976
579.000000 0.086272
581.000000 0.388224
582.000000 0.485280
583.000000 0.161760
584.000000 0.140192
585.000000 0.140192
586.000000 0.140192
587.000000 0.150976
589.000000 0.032352
590.000000 0.321984
591.000000 0.150976
592.000000 0.150976
593.000000 0.161760
595.000000 0.172544
596.000000 0.150976
597.000000 0.150976
598.000000 0.161760
601.000000 0.043136
602.000000 0.668608
604.000000 0.021568
605.000000 0.161760
606.000000 0.140192
607.000000 0.140192
609.000000 0.140192
610.000000 0.150976
611.000000 0.150976
612.000000 0.161760
613.000000 0.140192
614.000000 0.129408
617.000000 0.138656
618.000000 0.107840
619.000000 0.161760
620.000000 0.161760
621.000000 0.150976
622.000000 0.161760
627.000000 0.129408
629.000000 0.545376
630.000000 0.080096
