0.000000 1.554432
30.000000 0.131072
35.000000 0.131072
36.000000 1.438336
37.000000 0.787968
38.000000 1.181952
39.000000 1.072512
40.000000 1.011392
41.000000 1.039680
42.000000 0.995904
43.000000 0.792512
44.000000 0.995904
46.000000 0.984704
47.000000 1.110144
48.000000 1.225728
49.000000 1.236672
50.000000 1.022336
51.000000 1.346112
52.000000 1.499328
53.000000 0.650240
54.000000 0.525312
61.000000 0.339008
68.000000 1.843392
69.000000 1.761984
70.000000 2.051072
71.000000 2.407680
72.000000 1.471040
73.000000 1.772928
74.000000 0.639296
75.000000 0.240768
76.000000 0.415872
77.000000 0.284544
78.000000 0.667584
79.000000 0.656640
80.000000 0.372096
81.000000 0.306432
82.000000 0.190592
83.000000 0.481536
84.000000 0.492480
85.000000 0.503424
86.000000 0.350208
87.000000 0.492480
88.000000 0.825344
89.000000 1.039680
90.000000 1.958976
92.000000 1.208384
93.000000 0.853632
94.000000 0.383040
95.000000 0.415872
96.000000 0.569088
97.000000 0.431360
98.000000 0.974016
99.000000 1.017792
100.000000 0.820800
101.000000 0.901952
102.000000 0.875520
103.000000 0.722304
104.000000 0.722304
105.000000 1.109888
106.000000 1.192896
107.000000 1.186496
108.000000 1.346112
109.000000 1.346112
110.000000 1.077056
111.000000 1.094400
112.000000 1.422720
113.000000 1.361600
114.000000 1.466496
115.000000 1.361600
116.000000 1.455552
117.000000 1.175552
118.000000 1.488384
119.000000 1.619712
120.000000 1.339688
121.000000 1.521216
122.000000 1.175576
123.000000 1.707264
124.000000 0.978560
125.000000 1.488384
126.000000 1.674432
127.000000 1.372544
128.000000 1.772928
129.000000 1.449152
130.000000 1.761984
131.000000 1.700864
132.000000 1.897856
133.000000 1.302336
134.000000 1.247616
158.000000 0.131072
180.000000 0.131072
208.000000 0.453760
209.000000 1.127232
210.000000 1.543104
211.000000 0.792512
212.000000 0.700416
213.000000 1.313280
214.000000 1.547648
215.000000 1.510272
216.000000 1.295936
217.000000 1.937088
218.000000 1.657088
219.000000 1.893312
220.000000 1.394432
221.000000 1.893312
222.000000 1.394432
223.000000 1.619712
224.000000 1.127232
225.000000 0.661184
226.000000 0.897408
227.000000 1.116288
228.000000 1.022336
229.000000 0.984960
230.000000 0.809856
231.000000 0.558144
232.000000 0.448704
233.000000 0.934784
234.000000 1.521216
235.000000 1.077056
237.000000 1.094400
238.000000 1.061568
239.000000 1.120832
240.000000 1.466496
241.000000 1.444608
242.000000 1.350656
243.000000 1.641600
244.000000 1.241216
245.000000 0.547200
246.000000 1.510272
247.000000 0.989504
248.000000 1.258560
249.000000 1.105344
250.000000 0.803456
251.000000 1.149120
252.000000 0.383040
253.000000 0.755136
272.000000 0.131072
291.000000 0.595776
292.000000 0.809856
293.000000 1.893312
294.000000 1.832192
295.000000 2.018240
296.000000 1.619712
297.000000 1.554048
298.000000 1.284992
299.000000 1.575936
300.000000 1.394432
301.000000 1.685376
302.000000 1.657088
303.000000 2.090304
304.000000 1.624256
305.000000 1.996352
306.000000 2.090304
307.000000 1.481984
308.000000 1.958976
309.000000 1.668032
310.000000 1.783872
311.000000 1.678976
312.000000 2.024640
313.000000 1.689920
314.000000 1.422720
315.000000 0.650240
316.000000 0.995904
317.000000 1.138176
318.000000 0.978560
319.000000 1.138176
320.000000 1.181952
321.000000 0.956672
322.000000 0.864576
324.000000 0.722304
325.000000 0.733248
326.000000 0.956680
327.000000 0.995904
328.000000 0.448704
329.000000 0.558144
330.000000 0.536256
331.000000 0.667584
333.000000 0.179648
334.000000 0.842688
335.000000 1.346112
336.000000 0.978560
338.000000 0.623808
339.000000 0.503424
340.000000 1.455552
341.000000 1.109888
342.000000 1.127232
343.000000 1.061568
344.000000 0.934784
345.000000 1.149120
346.000000 1.160064
347.000000 1.274048
348.000000 1.214784
349.000000 1.028736
350.000000 0.825344
351.000000 0.908352
352.000000 1.072512
353.000000 0.956672
354.000000 1.269504
355.000000 1.433664
356.000000 0.880064
357.000000 0.984960
358.000000 1.039680
359.000000 1.066112
360.000000 1.357056
361.000000 1.149120
362.000000 0.989504
363.000000 0.908352
364.000000 0.853632
386.000000 0.131072
471.000000 1.022424
472.000000 0.097056
473.000000 0.118624
474.000000 0.107840
475.000000 0.118624
477.000000 0.064704
478.000000 0.107840
487.000000 0.131072
488.000000 0.494400
489.000000 0.163104
490.000000 0.149632
494.000000 0.053920
495.000000 0.215680
496.000000 0.474496
497.000000 0.118624
498.000000 0.140192
499.000000 0.150976
500.000000 0.086272
501.000000 0.118624
505.000000 0.064704
506.000000 0.300416
507.000000 0.097056
508.000000 0.118624
510.000000 0.107840
511.000000 0.086272
512.000000 0.097056
513.000000 0.097056
514.000000 0.107840
515.000000 0.107840
516.000000 0.107840
517.000000 0.097056
523.000000 0.107840
524.000000 0.593120
525.000000 0.107840
526.000000 0.107840
527.000000 0.075488
528.000000 0.129408
529.000000 0.107840
530.000000 0.107840
531.000000 0.107840
532.000000 0.118624
533.000000 0.086272
539.000000 0.021568
541.000000 0.280384
556.000000 0.300416
557.000000 0.064704
559.000000 0.053920
560.000000 0.053920
561.000000 0.043136
562.000000 0.032352
563.000000 0.064704
565.000000 0.043136
566.000000 0.043136
567.000000 0.032352
568.000000 0.032352
569.000000 0.075488
570.000000 0.064704
571.000000 0.043136
573.000000 0.043136
574.000000 0.021568
575.000000 0.032352
576.000000 0.032352
578.000000 0.010784
580.000000 0.032352
591.000000 0.021568
592.000000 0.097056
593.000000 0.107840
594.000000 0.092448
596.000000 0.112448
597.000000 0.144128
601.000000 0.021568
602.000000 0.375168
604.000000 0.192448
605.000000 0.140192
606.000000 0.129408
607.000000 0.129408
608.000000 0.150976
609.000000 0.150976
613.000000 0.107840
615.000000 0.483744
616.000000 0.118624
617.000000 0.150976
618.000000 0.129408
619.000000 0.140192
620.000000 0.194112
621.000000 0.129408
623.000000 0.150976
624.000000 0.204896
625.000000 0.150976
629.000000 0.075488
630.000000 0.345088
631.000000 0.452928
632.000000 0.183328
633.000000 0.161760
634.000000 0.161760
635.000000 0.161760
637.000000 0.021568
670.000000 0.343552
671.000000 0.183328
672.000000 0.237248
673.000000 0.237248
674.000000 0.226464
675.000000 0.226464
676.000000 0.183328
680.000000 0.150976
681.000000 0.776768
682.000000 0.139872
683.000000 0.204896
684.000000 0.215680
686.000000 0.140192
687.000000 0.107840
689.000000 0.268064
690.000000 0.118624
691.000000 0.237248
692.000000 0.183328
693.000000 0.194112
694.000000 0.226464
695.000000 0.204896
696.000000 0.172544
701.000000 0.086272
702.000000 0.830368
704.000000 0.140192
705.000000 0.172544
706.000000 0.237248
708.000000 0.183328
709.000000 0.268064
710.000000 0.129408
711.000000 0.183328
712.000000 0.226464
713.000000 0.172544
714.000000 0.183328
715.000000 0.172544
717.000000 0.150976
718.000000 0.194112
723.000000 0.075488
724.000000 0.873504
725.000000 0.129408
726.000000 0.118624
728.000000 0.097056
729.000000 0.172544
730.000000 0.140192
732.000000 0.131072
746.000000 0.126208
747.000000 0.118624
748.000000 0.161760
749.000000 0.150976
750.000000 0.129408
751.000000 0.118624
752.000000 0.107840
753.000000 0.140192
754.000000 0.129408
755.000000 0.150976
756.000000 0.118624
757.000000 0.161760
763.000000 0.041472
764.000000 0.704288
765.000000 0.224800
766.000000 0.118624
767.000000 0.129408
768.000000 0.118624
769.000000 0.107840
772.000000 0.053920
773.000000 0.289632
774.000000 0.161760
775.000000 0.161760
777.000000 0.118624
778.000000 0.107840
779.000000 0.140192
780.000000 0.107840
781.000000 0.140192
782.000000 0.140192
783.000000 0.129408
784.000000 0.129408
790.000000 0.129408
791.000000 0.070880
792.000000 0.220288
793.000000 0.053920
794.000000 0.442144
795.000000 0.118624
796.000000 0.107840
798.000000 0.075488
799.000000 0.086272
800.000000 0.107840
801.000000 0.172544
803.000000 0.140192
804.000000 0.172544
805.000000 0.052384
806.000000 0.107840
807.000000 0.140192
808.000000 0.161760
809.000000 0.107840
810.000000 0.150976
811.000000 0.161760
813.000000 0.150976
814.000000 0.129408
815.000000 0.124800
820.000000 0.043136
821.000000 0.255904
823.000000 0.514368
824.000000 0.053920
825.000000 0.086272
826.000000 0.097056
827.000000 0.150976
828.000000 0.140192
829.000000 0.161760
830.000000 0.107840
831.000000 0.140192
833.000000 0.097056
834.000000 0.107840
856.000000 0.073952
857.000000 0.053920
858.000000 0.075488
860.000000 0.086272
861.000000 0.140192
862.000000 0.150976
863.000000 0.129408
864.000000 0.129408
865.000000 0.140192
866.000000 0.086272
867.000000 0.075488
869.000000 0.075488
870.000000 0.064704
