0.000000 1.433664
1.000000 0.989312
2.000000 1.302528
3.000000 2.112192
4.000000 1.733696
5.000000 2.259008
6.000000 2.396736
7.000000 1.886912
8.000000 1.838592
9.000000 1.678976
10.000000 2.040128
11.000000 2.079360
12.000000 1.788416
13.000000 1.948032
14.000000 1.492928
15.000000 1.094400
16.000000 0.383040
17.000000 1.613312
18.000000 1.466496
19.000000 1.230272
20.000000 1.608768
21.000000 1.668032
22.000000 1.849536
23.000000 1.602368
24.000000 2.090304
25.000000 1.832192
27.000000 0.656640
28.000000 0.995904
29.000000 1.077056
30.000000 1.214784
31.000000 1.269504
32.000000 1.175552
33.000000 1.444608
34.000000 1.350656
35.000000 1.849536
36.000000 1.383488
37.000000 1.794816
38.000000 1.755584
39.000000 2.221632
40.000000 1.405376
41.000000 1.740096
42.000000 1.274048
43.000000 1.663488
44.000000 1.438208
45.000000 1.532160
46.000000 1.291392
47.000000 1.087976
48.000000 1.094400
49.000000 1.181952
50.000000 1.044248
51.000000 1.225728
52.000000 1.055168
53.000000 1.411776
54.000000 1.028736
55.000000 0.777024
56.000000 0.573632
57.000000 1.039680
58.000000 1.543104
59.000000 0.223424
60.000000 0.481536
61.000000 0.700416
62.000000 1.411776
63.000000 0.639296
64.000000 0.120384
65.000000 0.383040
66.000000 0.963072
67.000000 1.663488
68.000000 1.077056
69.000000 1.214784
70.000000 0.634752
71.000000 0.295488
72.000000 0.737792
73.000000 1.006848
74.000000 0.995904
75.000000 0.792512
76.000000 0.897408
77.000000 0.744192
78.000000 0.809856
79.000000 0.525312
80.000000 0.431360
81.000000 0.153216
83.000000 0.131328
84.000000 0.798912
85.000000 0.897408
86.000000 1.109888
87.000000 1.302336
88.000000 1.006848
89.000000 0.967616
90.000000 1.094400
91.000000 1.368000
92.000000 1.186496
93.000000 1.378944
94.000000 1.477440
95.000000 1.109888
96.000000 1.400832
97.000000 0.798912
98.000000 0.606464
99.000000 0.952128
100.000000 1.017792
101.000000 0.645696
102.000000 0.398528
103.000000 0.634752
104.000000 0.656640
105.000000 0.689472
106.000000 0.711360
107.000000 0.256256
108.000000 0.842688
109.000000 1.083456
110.000000 0.415872
111.000000 0.755136
112.000000 0.617408
113.000000 0.689472
114.000000 0.733248
116.000000 0.853632
117.000000 0.759680
118.000000 0.809856
119.000000 0.700416
120.000000 0.930240
121.000000 0.847232
122.000000 1.072512
123.000000 1.203840
124.000000 1.153664
125.000000 1.586880
126.000000 1.492928
127.000000 1.915200
128.000000 1.788416
129.000000 1.860480
130.000000 1.416320
131.000000 1.696320
132.000000 1.394432
133.000000 1.608768
134.000000 1.274048
135.000000 1.619712
136.000000 1.543104
137.000000 1.230272
138.000000 1.893312
139.000000 1.722752
140.000000 1.996352
141.000000 1.948032
142.000000 1.799360
143.000000 1.838592
144.000000 1.558592
145.000000 1.532160
146.000000 1.295936
147.000000 1.729152
148.000000 1.460096
149.000000 1.685376
150.000000 1.766528
151.000000 2.210688
152.000000 1.733696
153.000000 2.002752
154.000000 1.766528
155.000000 2.062016
156.000000 2.035584
157.000000 1.514816
158.000000 2.451456
159.000000 1.974472
160.000000 2.062016
161.000000 2.495232
162.000000 2.291840
163.000000 2.083904
164.000000 2.390336
165.000000 2.352960
166.000000 1.865024
167.000000 1.882368
168.000000 1.624256
169.000000 1.772928
170.000000 1.350656
171.000000 1.937088
172.000000 1.777472
173.000000 1.608768
174.000000 1.088000
175.000000 1.586880
176.000000 1.131776
177.000000 1.302336
178.000000 1.269504
179.000000 1.109888
180.000000 0.952128
181.000000 1.116288
182.000000 0.726848
183.000000 0.393984
184.000000 0.350208
185.000000 0.930240
186.000000 1.361600
187.000000 1.740096
188.000000 1.602368
189.000000 1.619712
190.000000 1.591424
191.000000 1.871424
192.000000 1.405376
193.000000 2.002752
194.000000 2.083904
195.000000 2.232576
196.000000 1.974464
197.000000 1.536704
198.000000 2.265408
199.000000 1.799360
200.000000 1.761984
201.000000 1.810296
202.000000 2.101248
203.000000 1.678976
205.000000 1.689920
206.000000 1.006848
207.000000 0.930240
208.000000 1.339712
209.000000 1.389888
210.000000 1.225728
211.000000 1.077056
212.000000 1.564992
213.000000 1.306880
214.000000 1.455552
215.000000 1.466496
216.000000 1.252160
217.000000 1.433664
218.000000 1.503872
219.000000 1.160064
220.000000 1.433664
221.000000 0.847232
222.000000 1.203840
223.000000 1.258560
224.000000 1.109888
225.000000 1.105344
226.000000 1.142720
227.000000 1.105344
228.000000 1.028736
229.000000 1.094400
230.000000 1.088000
231.000000 1.685376
232.000000 1.241216
233.000000 1.619712
234.000000 1.295936
235.000000 1.269504
236.000000 1.258560
237.000000 1.306880
238.000000 1.411776
239.000000 1.317824
240.000000 1.510272
241.000000 1.280448
243.000000 0.365696
244.000000 1.455552
245.000000 1.602368
246.000000 1.214784
247.000000 1.116288
248.000000 0.689472
249.000000 0.398528
250.000000 0.415872
251.000000 0.470592
252.000000 0.317376
253.000000 1.302336
254.000000 1.120832
257.000000 0.667584
258.000000 2.116736
259.000000 1.280448
260.000000 1.996360
261.000000 2.582784
262.000000 2.116736
263.000000 2.269952
264.000000 2.265408
265.000000 1.471040
266.000000 1.575936
267.000000 0.590976
268.000000 0.365696
269.000000 0.218880
271.000000 0.109440
276.000000 0.601920
286.000000 2.215232
287.000000 1.613696
288.000000 1.592896
289.000000 0.825344
290.000000 1.116288
291.000000 1.503872
292.000000 2.035584
293.000000 1.766528
294.000000 2.134080
295.000000 1.875968
296.000000 2.062016
297.000000 2.506176
298.000000 2.280896
299.000000 2.182400
300.000000 2.221632
301.000000 1.843136
302.000000 2.072960
303.000000 2.243520
304.000000 2.062016
305.000000 2.182400
306.000000 2.276352
307.000000 1.854080
309.000000 2.346560
310.000000 2.506176
311.000000 2.062016
312.000000 2.193344
313.000000 2.166912
314.000000 1.886904
315.000000 2.283616
316.000000 2.120416
317.000000 2.051072
318.000000 2.390336
319.000000 2.626560
320.000000 2.259008
321.000000 2.116736
322.000000 2.396736
323.000000 2.105792
324.000000 2.127680
325.000000 2.331072
326.000000 1.919744
327.000000 2.357504
328.000000 2.560896
329.000000 2.062016
330.000000 2.116736
331.000000 2.429568
332.000000 1.865024
333.000000 1.843136
334.000000 2.385792
335.000000 2.335616
336.000000 1.919720
337.000000 2.155968
338.000000 1.919768
339.000000 2.040128
340.000000 1.871424
341.000000 1.602368
342.000000 1.969920
343.000000 1.635200
344.000000 1.652544
345.000000 1.109888
346.000000 1.389888
347.000000 1.488384
348.000000 0.923848
349.000000 0.547200
350.000000 0.481536
351.000000 0.919296
352.000000 1.339712
353.000000 1.477440
354.000000 0.634752
355.000000 0.617408
356.000000 1.729152
357.000000 1.602368
358.000000 2.112192
359.000000 1.689920
360.000000 1.958976
361.000000 1.580480
362.000000 2.090304
363.000000 1.460096
364.000000 1.674432
365.000000 1.295936
366.000000 1.608768
367.000000 1.536704
368.000000 2.188800
369.000000 1.941632
370.000000 1.996352
371.000000 1.203840
373.000000 1.821248
374.000000 1.641600
375.000000 1.635200
376.000000 1.685376
377.000000 1.591424
378.000000 1.674432
379.000000 1.602368
380.000000 1.794816
381.000000 1.646144
382.000000 0.678528
383.000000 1.619712
384.000000 1.153664
385.000000 1.411776
386.000000 1.488384
387.000000 1.350656
388.000000 1.740096
389.000000 1.668032
390.000000 1.985408
391.000000 2.232576
392.000000 1.974464
393.000000 2.193336
394.000000 2.528064
395.000000 1.865024
396.000000 2.182400
397.000000 2.287296
398.000000 1.985408
399.000000 1.969920
400.000000 1.492928
401.000000 1.718208
402.000000 1.427264
403.000000 1.926144
404.000000 1.580480
405.000000 1.357056
406.000000 1.000448
407.000000 0.700416
408.000000 2.193344
409.000000 2.101248
411.000000 1.175552
412.000000 1.630656
413.000000 1.646144
414.000000 1.794816
415.000000 1.777472
416.000000 1.707264
417.000000 1.580480
418.000000 1.816704
419.000000 1.558592
420.000000 1.718208
421.000000 1.186496
422.000000 0.711360
423.000000 0.930240
424.000000 1.258560
425.000000 0.869120
426.000000 0.558144
427.000000 0.995904
428.000000 1.127232
429.000000 0.529856
430.000000 0.470592
431.000000 0.306432
432.000000 0.514368
433.000000 1.236672
434.000000 0.409472
435.000000 1.641600
436.000000 1.514816
437.000000 1.893312
438.000000 1.635200
439.000000 1.696320
440.000000 1.416320
441.000000 1.674432
442.000000 1.477440
443.000000 1.295944
444.000000 0.963072
445.000000 0.777024
446.000000 1.219328
447.000000 1.346112
448.000000 1.044224
449.000000 1.521216
450.000000 1.630656
451.000000 1.492928
452.000000 1.854080
453.000000 1.160064
454.000000 0.809856
455.000000 0.919296
456.000000 0.792512
457.000000 1.028736
458.000000 0.218880
459.000000 0.755136
460.000000 0.901952
461.000000 1.225728
462.000000 1.203840
463.000000 0.912896
464.000000 1.783872
465.000000 0.875520
466.000000 0.836288
467.000000 1.827648
468.000000 1.061568
469.000000 0.639296
470.000000 0.601920
471.000000 0.623808
472.000000 1.160064
473.000000 0.825344
474.000000 1.740096
476.000000 1.514816
477.000000 1.619712
478.000000 1.361600
479.000000 0.612864
480.000000 0.798912
481.000000 0.733248
482.000000 0.590976
483.000000 0.672128
484.000000 0.656640
485.000000 0.711360
486.000000 0.404928
487.000000 0.612864
488.000000 0.350208
489.000000 0.321920
490.000000 0.448704
491.000000 0.492480
492.000000 0.569088
493.000000 0.372096
494.000000 0.547200
495.000000 0.470592
496.000000 0.453248
497.000000 0.590976
498.000000 0.711360
499.000000 0.634752
500.000000 0.820800
501.000000 0.606464
502.000000 0.711360
503.000000 0.787968
504.000000 0.864576
505.000000 0.672128
506.000000 0.744192
507.000000 0.755136
508.000000 0.755136
509.000000 0.492480
511.000000 0.507968
512.000000 0.536256
513.000000 0.689472
514.000000 0.689472
515.000000 0.645696
516.000000 0.678528
517.000000 0.507968
518.000000 0.634752
519.000000 0.634752
520.000000 0.744192
521.000000 0.569088
522.000000 0.628352
523.000000 0.645696
524.000000 0.798912
525.000000 0.689472
526.000000 0.590976
527.000000 0.431360
528.000000 0.492480
529.000000 0.470592
530.000000 0.580032
531.000000 0.689472
532.000000 0.678528
533.000000 0.453248
534.000000 0.853632
535.000000 0.787968
536.000000 0.796608
537.000000 0.674432
538.000000 0.689472
539.000000 0.831744
540.000000 0.787968
541.000000 0.825344
542.000000 0.711360
543.000000 0.787968
544.000000 0.744192
545.000000 0.875520
546.000000 0.770624
547.000000 0.689472
548.000000 0.656640
549.000000 0.886464
550.000000 0.704960
551.000000 0.766080
552.000000 0.437760
553.000000 0.590976
554.000000 0.656640
555.000000 0.486080
556.000000 0.284544
557.000000 0.251712
558.000000 0.317376
559.000000 0.328320
562.000000 0.175104
564.000000 0.273600
565.000000 0.993216
566.000000 0.674816
567.000000 0.470592
568.000000 0.470592
569.000000 1.116288
570.000000 1.197440
571.000000 0.995904
572.000000 1.017792
573.000000 1.214784
574.000000 0.825344
575.000000 1.247616
576.000000 1.252160
577.000000 0.908352
578.000000 0.623808
579.000000 0.547200
580.000000 0.678528
581.000000 0.901952
582.000000 1.411776
583.000000 1.400832
584.000000 0.912896
585.000000 1.039680
586.000000 0.777024
587.000000 0.880064
588.000000 1.105344
589.000000 0.908352
590.000000 0.919296
591.000000 0.726848
592.000000 1.061568
593.000000 0.744192
594.000000 0.372096
595.000000 0.229824
596.000000 0.175104
597.000000 0.103040
598.000000 0.383040
599.000000 0.448704
600.000000 0.393984
601.000000 0.503424
602.000000 0.886464
603.000000 0.617408
604.000000 0.984960
605.000000 1.181952
607.000000 1.050624
608.000000 0.584576
609.000000 0.941184
610.000000 0.689472
611.000000 0.645696
612.000000 0.726848
613.000000 0.777024
614.000000 0.864576
615.000000 0.733248
616.000000 0.748736
617.000000 0.722304
618.000000 0.809856
619.000000 0.733248
620.000000 0.912896
621.000000 0.886464
622.000000 0.984960
623.000000 0.820800
624.000000 0.912896
625.000000 1.171008
626.000000 1.181952
627.000000 0.825344
628.000000 0.569088
629.000000 0.798912
630.000000 0.908352
631.000000 0.901952
632.000000 0.995904
633.000000 0.995904
634.000000 1.039680
635.000000 0.595520
636.000000 1.302336
638.000000 0.317376
639.000000 0.755136
640.000000 0.420416
641.000000 0.240768
642.000000 0.678528
643.000000 0.853632
644.000000 0.907328
647.000000 0.596544
648.000000 0.175104
735.000000 0.032832
736.000000 0.076608
737.000000 0.087552
738.000000 0.098496
740.000000 0.109440
741.000000 0.109440
742.000000 0.076608
743.000000 0.109440
744.000000 0.087552
745.000000 0.087552
746.000000 0.065664
748.000000 0.043776
749.000000 0.043776
750.000000 0.032832
751.000000 0.054720
752.000000 0.043776
754.000000 0.043776
755.000000 0.032832
756.000000 0.043776
758.000000 0.043776
759.000000 0.054720
760.000000 0.054720
761.000000 0.043776
763.000000 0.065664
769.000000 0.032832
770.000000 0.076608
853.000000 0.196736
920.000000 1.061824
932.000000 0.010944
936.000000 0.032832
938.000000 0.010944
939.000000 0.032832
940.000000 0.021888
941.000000 0.021888
943.000000 0.032832
948.000000 0.026272
951.000000 0.032352
952.000000 0.021568
954.000000 0.032352
955.000000 0.021568
956.000000 0.021568
958.000000 0.032352
959.000000 0.032352
961.000000 0.032352
962.000000 0.032352
963.000000 0.032352
964.000000 0.032352
966.000000 0.032352
968.000000 0.032352
969.000000 0.032352
971.000000 0.010784
972.000000 0.021568
973.000000 0.010784
975.000000 0.032352
976.000000 0.021568
978.000000 0.021568
979.000000 0.021568
981.000000 0.021568
982.000000 0.032352
984.000000 0.010784
985.000000 0.021568
986.000000 0.021568
987.000000 0.021568
989.000000 0.010784
990.000000 0.021568
991.000000 0.021568
993.000000 0.032352
995.000000 0.010784
996.000000 0.032352
998.000000 0.021568
1000.000000 0.032352
1001.000000 0.021568
1003.000000 0.043136
1005.000000 0.021568
1006.000000 0.021568
1008.000000 0.021568
1010.000000 0.032352
1011.000000 0.032352
1013.000000 0.021568
1016.000000 0.032352
1021.000000 0.016960
1024.000000 0.021568
1027.000000 0.047744
1029.000000 0.021568
1031.000000 0.021568
1033.000000 0.010784
1035.000000 0.021568
1037.000000 0.010784
1038.000000 0.021568
1044.000000 0.010784
1080.000000 0.010784
1081.000000 0.010784
1083.000000 0.021568
1084.000000 0.027744
1086.000000 0.032352
1087.000000 0.026176
1088.000000 0.194112
1090.000000 0.043136
1091.000000 0.280384
1092.000000 0.032352
1093.000000 0.043136
1095.000000 0.021568
1096.000000 0.064704
1101.000000 0.021568
1102.000000 0.043136
1103.000000 0.097056
1105.000000 0.075488
1106.000000 0.075488
1107.000000 0.086272
1108.000000 0.097056
1109.000000 0.086272
1110.000000 0.053920
1111.000000 0.140192
1112.000000 0.118624
1114.000000 0.053920
1115.000000 0.064704
1116.000000 0.086272
1121.000000 0.041600
1122.000000 0.075488
1123.000000 0.086272
1124.000000 0.086272
1125.000000 0.086272
1126.000000 0.086272
1127.000000 0.086272
1128.000000 0.097056
1129.000000 0.097056
1130.000000 0.064704
1131.000000 0.075488
1132.000000 0.075488
