0.000000 1.301016
1.000000 0.879600
2.000000 0.842280
3.000000 0.981664
4.000000 0.965120
5.000000 0.761656
6.000000 1.114232
7.000000 1.186904
8.000000 1.365904
10.000000 1.282504
11.000000 1.123312
12.000000 1.015696
13.000000 0.978352
14.000000 1.024512
15.000000 1.041000
16.000000 1.097448
17.000000 1.290960
18.000000 1.407472
19.000000 0.941584
20.000000 0.383040
21.000000 0.423112
22.000000 0.328320
23.000000 0.562672
25.000000 0.392040
26.000000 0.525312
27.000000 0.404848
28.000000 0.547200
29.000000 0.403416
30.000000 0.612864
31.000000 0.437760
32.000000 0.218880
33.000000 0.262656
34.000000 0.399464
35.000000 0.488384
36.000000 0.855680
37.000000 0.880288
38.000000 0.870864
39.000000 0.953464
40.000000 0.744192
41.000000 0.481928
42.000000 0.755136
43.000000 0.600824
44.000000 0.831744
45.000000 0.732496
46.000000 0.699968
47.000000 0.796720
48.000000 0.952128
49.000000 0.700040
51.000000 0.543184
52.000000 0.678528
53.000000 0.558752
54.000000 0.744192
55.000000 0.386720
56.000000 0.656640
57.000000 0.527016
58.000000 0.744192
59.000000 0.578832
60.000000 0.451368
61.000000 0.623808
62.000000 0.507600
63.000000 0.678528
64.000000 0.226840
65.000000 0.393984
66.000000 0.900680
67.000000 0.930240
68.000000 0.520048
69.000000 0.590976
70.000000 0.389976
71.000000 0.131328
72.000000 0.251712
74.000000 0.293656
75.000000 0.558144
76.000000 0.511256
77.000000 0.306432
78.000000 0.196992
79.000000 0.281168
80.000000 0.648416
81.000000 0.645696
82.000000 0.327792
83.000000 0.744192
84.000000 0.578280
85.000000 0.617000
86.000000 0.652992
87.000000 0.848408
88.000000 0.514368
89.000000 0.580048
90.000000 0.711360
91.000000 0.567280
92.000000 0.620312
93.000000 0.809856
94.000000 0.501656
95.000000 0.503424
96.000000 0.195064
97.000000 0.667584
98.000000 0.504968
99.000000 0.612864
100.000000 0.318280
101.000000 0.492480
102.000000 0.318632
103.000000 0.437760
104.000000 0.401216
105.000000 0.514368
106.000000 0.305872
108.000000 0.514368
109.000000 0.787968
110.000000 0.546480
111.000000 0.932232
112.000000 0.897408
113.000000 0.736360
114.000000 1.006848
115.000000 0.816192
116.000000 0.843032
117.000000 0.831944
118.000000 1.105344
119.000000 0.872328
120.000000 1.148184
121.000000 1.335168
122.000000 1.159920
123.000000 0.872344
124.000000 1.524424
125.000000 0.560736
126.000000 1.130512
127.000000 1.138176
128.000000 0.494688
129.000000 0.656640
130.000000 0.616248
131.000000 0.855248
132.000000 0.779064
133.000000 0.586184
134.000000 0.613360
135.000000 0.653304
136.000000 0.566616
138.000000 0.454048
139.000000 0.666176
140.000000 0.744192
141.000000 0.844160
142.000000 0.941184
143.000000 0.582544
144.000000 0.590976
145.000000 0.656640
146.000000 0.520744
147.000000 0.974016
148.000000 0.854688
149.000000 0.485832
150.000000 0.393984
151.000000 0.251712
152.000000 0.677728
153.000000 0.953288
154.000000 0.700416
155.000000 0.415872
156.000000 0.383616
157.000000 0.492480
158.000000 0.470592
159.000000 0.142272
161.000000 0.103000
162.000000 0.076608
163.000000 0.339264
164.000000 0.247992
165.000000 0.558144
167.000000 0.570400
168.000000 0.426816
169.000000 0.240768
170.000000 0.451056
171.000000 0.569088
172.000000 0.404928
173.000000 0.587712
174.000000 1.067048
175.000000 1.276304
176.000000 1.327928
177.000000 1.050872
178.000000 0.798912
179.000000 0.746808
180.000000 1.008432
181.000000 0.761584
182.000000 0.601920
183.000000 0.724344
184.000000 0.714808
185.000000 0.731056
186.000000 0.842688
187.000000 0.608592
188.000000 1.116288
189.000000 0.945592
190.000000 0.875520
191.000000 0.674744
192.000000 0.777024
193.000000 0.722304
194.000000 0.722256
195.000000 0.800136
196.000000 1.067200
197.000000 1.147544
198.000000 1.236560
199.000000 1.215192
200.000000 0.809856
201.000000 0.679368
203.000000 0.793608
204.000000 1.024088
205.000000 1.600328
206.000000 1.479080
207.000000 1.295400
208.000000 1.485408
209.000000 1.552824
210.000000 1.463040
211.000000 1.261864
212.000000 1.436400
213.000000 1.294296
214.000000 1.517368
215.000000 1.450576
216.000000 1.178776
217.000000 1.124032
218.000000 1.314912
219.000000 1.334896
220.000000 1.203200
221.000000 1.548120
222.000000 1.480712
223.000000 1.414800
224.000000 1.741912
225.000000 1.615856
226.000000 1.996648
227.000000 1.417136
228.000000 1.965520
229.000000 1.257080
230.000000 1.826632
231.000000 1.564264
232.000000 1.840088
233.000000 1.260320
234.000000 1.621584
236.000000 1.591552
237.000000 2.034840
238.000000 1.411664
239.000000 1.945232
240.000000 2.080520
241.000000 1.744456
242.000000 1.789176
243.000000 1.831792
244.000000 1.347824
245.000000 1.842488
246.000000 1.698680
247.000000 1.107608
248.000000 1.293440
249.000000 0.671920
250.000000 1.162072
251.000000 0.912400
252.000000 1.163112
253.000000 0.886768
254.000000 0.917496
255.000000 1.119552
256.000000 0.882728
257.000000 0.542080
258.000000 0.240768
259.000000 0.446040
260.000000 0.448704
261.000000 0.491560
262.000000 0.864576
263.000000 0.664032
264.000000 0.683616
265.000000 0.984960
266.000000 0.274336
267.000000 1.017792
268.000000 0.757544
270.000000 0.768960
271.000000 1.072512
272.000000 0.760728
273.000000 0.840808
274.000000 0.786736
275.000000 0.796504
276.000000 0.930240
277.000000 0.707312
278.000000 0.995904
279.000000 0.797784
280.000000 0.792840
281.000000 0.897408
282.000000 0.592904
283.000000 1.028736
284.000000 0.690240
285.000000 0.842688
286.000000 0.663128
287.000000 0.766080
289.000000 0.608408
290.000000 0.612864
291.000000 0.505816
292.000000 0.643480
293.000000 0.700416
294.000000 0.650296
295.000000 0.894336
296.000000 0.773792
297.000000 0.493624
298.000000 0.765464
299.000000 0.902264
300.000000 0.738184
301.000000 0.925072
302.000000 1.247616
303.000000 0.749272
304.000000 1.063616
305.000000 0.995936
306.000000 0.700416
307.000000 0.693800
308.000000 0.705904
309.000000 0.755136
310.000000 0.636216
311.000000 0.728256
312.000000 0.667584
313.000000 0.672632
314.000000 0.952128
315.000000 0.501176
316.000000 0.437760
318.000000 0.306432
319.000000 0.490944
320.000000 0.361152
321.000000 0.196992
322.000000 0.365224
323.000000 1.355816
324.000000 0.317376
325.000000 0.621048
326.000000 1.067608
327.000000 0.965096
328.000000 1.196288
329.000000 1.049696
330.000000 0.769624
331.000000 1.041984
332.000000 0.962872
334.000000 0.920400
335.000000 1.016848
336.000000 1.054104
337.000000 0.999584
338.000000 1.007144
339.000000 0.404928
340.000000 0.175104
342.000000 0.196992
343.000000 0.399072
344.000000 0.479728
345.000000 0.514368
346.000000 0.389648
347.000000 0.273600
348.000000 0.505056
349.000000 0.647192
350.000000 0.776344
351.000000 0.546360
352.000000 0.735240
353.000000 0.638032
354.000000 0.373624
355.000000 0.515448
356.000000 0.530736
357.000000 0.689472
359.000000 0.653152
360.000000 0.739464
361.000000 0.701936
362.000000 0.559144
363.000000 0.744528
364.000000 0.890344
365.000000 0.534800
366.000000 0.477128
367.000000 0.565928
368.000000 0.562992
369.000000 0.660208
370.000000 0.540912
371.000000 0.759000
372.000000 0.740936
373.000000 0.642704
374.000000 0.680648
375.000000 0.817472
376.000000 0.751520
377.000000 0.702480
378.000000 0.725736
379.000000 0.785736
381.000000 0.656696
382.000000 0.770800
383.000000 0.822848
384.000000 0.813488
385.000000 0.520432
386.000000 0.656520
387.000000 0.768720
388.000000 0.921952
389.000000 0.826208
390.000000 0.776696
391.000000 1.067184
392.000000 1.022920
393.000000 0.790264
394.000000 1.174344
395.000000 1.048912
397.000000 1.046728
398.000000 1.056472
399.000000 0.951504
400.000000 1.019864
401.000000 0.960048
402.000000 0.956632
403.000000 0.913488
404.000000 1.170784
405.000000 1.122048
406.000000 1.021872
407.000000 0.888872
408.000000 1.094824
409.000000 1.151136
410.000000 1.096072
411.000000 1.272144
412.000000 1.008464
413.000000 0.943632
414.000000 0.839232
415.000000 0.666336
416.000000 0.826776
417.000000 1.104528
419.000000 0.661272
420.000000 0.666392
421.000000 0.787648
422.000000 0.708512
423.000000 0.657592
424.000000 0.218880
425.000000 0.353672
426.000000 0.668608
427.000000 0.797208
428.000000 0.693288
429.000000 1.205016
431.000000 0.653472
432.000000 0.363120
433.000000 1.128136
434.000000 1.123144
435.000000 1.056672
436.000000 1.013128
437.000000 1.279432
438.000000 1.365472
439.000000 1.497592
440.000000 1.261648
441.000000 1.552256
442.000000 1.195552
443.000000 1.345688
444.000000 1.332192
445.000000 1.570360
446.000000 1.351896
447.000000 1.648952
448.000000 1.313224
449.000000 1.548856
450.000000 1.661736
451.000000 1.263240
452.000000 0.977736
454.000000 1.694280
455.000000 1.139856
456.000000 1.071272
457.000000 1.334768
458.000000 0.488184
459.000000 1.232912
460.000000 1.200056
461.000000 1.218936
462.000000 1.264552
463.000000 1.354072
464.000000 0.954520
465.000000 1.456112
466.000000 1.514448
467.000000 1.652072
468.000000 1.201912
469.000000 1.444400
470.000000 1.362168
471.000000 2.128168
472.000000 1.514040
473.000000 1.941216
474.000000 1.397616
475.000000 1.919952
476.000000 1.881616
477.000000 1.732680
478.000000 1.690136
479.000000 1.981304
480.000000 1.146616
481.000000 1.550064
482.000000 1.206512
483.000000 1.014264
484.000000 1.168152
485.000000 1.196896
486.000000 1.076216
487.000000 1.113864
488.000000 1.295768
489.000000 1.072008
490.000000 0.810016
492.000000 0.602032
493.000000 0.733248
494.000000 0.646776
495.000000 0.822176
496.000000 1.136496
497.000000 1.274728
498.000000 1.494328
499.000000 1.555960
500.000000 1.420144
501.000000 1.716712
502.000000 1.388872
503.000000 1.172632
504.000000 1.110992
505.000000 1.168616
506.000000 0.945192
507.000000 1.116288
508.000000 0.908328
509.000000 1.002424
510.000000 0.836336
511.000000 0.930240
513.000000 0.684832
514.000000 0.571112
515.000000 0.919296
516.000000 1.052336
517.000000 1.199704
518.000000 1.093856
519.000000 0.897408
520.000000 0.980144
521.000000 1.357128
522.000000 0.955536
523.000000 0.796248
524.000000 0.928672
525.000000 0.970288
526.000000 0.993128
527.000000 1.037864
528.000000 1.095072
529.000000 1.208488
530.000000 0.923944
531.000000 1.475256
532.000000 1.440336
533.000000 1.281344
534.000000 1.517312
535.000000 1.351744
536.000000 1.433664
537.000000 0.676696
538.000000 1.149120
539.000000 0.483016
540.000000 0.240768
541.000000 0.755056
542.000000 1.037736
543.000000 1.439280
544.000000 1.202536
545.000000 1.359528
546.000000 0.857664
547.000000 1.039680
549.000000 0.850832
550.000000 0.913976
551.000000 1.313280
552.000000 0.873080
553.000000 1.078896
554.000000 0.969480
555.000000 1.258560
556.000000 0.917320
557.000000 1.197376
558.000000 0.896968
559.000000 0.423824
560.000000 0.952128
561.000000 0.613048
562.000000 0.935224
563.000000 0.656640
564.000000 0.667584
565.000000 0.465336
566.000000 0.601920
567.000000 0.650176
568.000000 0.514368
569.000000 0.569088
570.000000 0.423928
571.000000 0.569088
572.000000 0.601920
573.000000 0.530872
574.000000 0.501480
575.000000 0.700416
576.000000 0.652192
577.000000 0.678528
578.000000 0.722304
579.000000 0.465240
580.000000 0.809856
581.000000 0.766080
582.000000 0.518656
583.000000 0.667584
584.000000 0.864576
585.000000 0.699800
586.000000 0.974016
587.000000 0.885464
588.000000 1.100432
589.000000 1.072512
590.000000 0.672248
591.000000 0.777024
593.000000 0.583864
594.000000 0.678528
595.000000 0.492136
596.000000 0.470592
597.000000 0.536256
598.000000 0.580032
599.000000 0.445680
600.000000 0.689472
601.000000 0.566800
602.000000 0.645696
603.000000 0.744192
604.000000 0.488088
605.000000 0.569088
606.000000 0.481536
607.000000 0.362112
608.000000 0.492480
609.000000 0.470592
610.000000 0.328320
611.000000 0.328320
612.000000 0.288224
613.000000 0.361152
614.000000 0.251712
615.000000 0.196992
616.000000 0.131328
617.000000 0.120384
618.000000 0.464128
619.000000 0.470592
621.000000 0.153216
622.000000 1.028736
623.000000 0.713824
624.000000 0.623808
625.000000 0.623808
626.000000 0.240768
627.000000 0.404928
628.000000 0.915648
629.000000 1.048808
630.000000 1.105344
631.000000 0.555488
632.000000 0.974016
633.000000 0.947144
634.000000 1.554048
635.000000 0.784976
637.000000 0.229824
638.000000 1.246008
639.000000 0.415872
640.000000 0.777024
641.000000 0.822856
642.000000 0.787968
643.000000 1.028736
644.000000 0.728904
645.000000 1.039680
646.000000 0.874416
647.000000 1.061568
648.000000 0.908352
649.000000 0.685976
650.000000 0.908352
651.000000 0.908352
652.000000 0.919296
654.000000 0.131072
655.000000 1.919416
656.000000 0.864576
657.000000 0.919296
658.000000 0.822656
659.000000 0.875520
660.000000 1.138176
661.000000 0.924920
662.000000 1.236672
663.000000 1.171008
664.000000 0.769224
665.000000 1.258560
666.000000 0.936264
667.000000 1.017792
668.000000 1.400832
669.000000 1.073928
670.000000 1.425984
671.000000 1.378944
672.000000 1.214784
673.000000 1.258560
674.000000 1.174096
675.000000 1.335168
676.000000 1.466640
677.000000 1.313280
678.000000 1.127232
680.000000 1.364488
681.000000 1.564992
682.000000 1.335168
683.000000 1.221312
684.000000 1.466496
685.000000 1.740096
686.000000 0.923384
687.000000 1.028736
688.000000 1.619712
689.000000 0.952128
690.000000 0.756712
691.000000 1.335168
692.000000 0.930240
693.000000 1.291392
694.000000 1.357000
695.000000 1.061568
696.000000 1.203840
697.000000 0.984960
698.000000 0.251712
699.000000 0.153216
700.000000 0.087552
701.000000 0.032832
702.000000 0.306432
744.000000 0.032832
746.000000 0.043776
747.000000 0.010944
748.000000 0.021888
752.000000 0.010944
753.000000 0.098496
754.000000 0.098496
755.000000 0.120384
756.000000 0.120384
757.000000 0.076608
759.000000 0.044856
760.000000 0.087552
761.000000 0.120384
762.000000 0.109440
763.000000 0.142272
764.000000 0.153216
765.000000 0.087552
766.000000 0.142272
767.000000 0.142272
770.000000 0.076608
771.000000 0.153216
777.000000 0.196736
778.000000 0.777280
779.000000 0.131328
780.000000 0.153216
781.000000 0.196992
782.000000 0.175104
783.000000 0.186048
784.000000 0.164160
785.000000 0.186048
786.000000 0.164160
787.000000 0.196992
788.000000 0.164160
789.000000 0.164160
790.000000 0.164160
791.000000 0.153216
792.000000 0.164160
793.000000 0.164160
794.000000 0.018144
795.000000 0.098496
796.000000 0.186048
797.000000 0.131328
798.000000 0.186048
799.000000 0.175104
800.000000 0.153216
801.000000 0.153216
802.000000 0.164160
803.000000 0.153216
804.000000 0.164160
805.000000 0.142272
806.000000 0.153216
807.000000 0.153216
808.000000 0.153216
809.000000 0.186048
810.000000 0.153216
811.000000 0.153216
812.000000 0.153216
813.000000 0.164160
814.000000 0.142272
825.000000 0.229568
826.000000 1.466752
827.000000 0.109440
828.000000 0.153216
829.000000 0.120384
830.000000 0.120384
832.000000 0.039384
833.000000 0.076608
834.000000 0.120384
835.000000 0.120384
836.000000 0.120384
837.000000 0.076608
838.000000 0.076608
839.000000 0.065664
840.000000 0.032832
841.000000 0.065664
842.000000 0.032832
843.000000 0.032832
844.000000 0.010944
865.000000 0.032832
867.000000 0.032832
868.000000 0.229824
869.000000 0.054720
870.000000 0.054720
871.000000 0.087552
872.000000 0.076608
873.000000 0.076608
874.000000 0.109440
875.000000 0.098496
876.000000 0.098496
877.000000 0.087552
878.000000 0.098496
879.000000 0.109440
880.000000 0.098496
881.000000 0.087552
882.000000 0.109440
883.000000 0.120384
890.000000 0.131072
891.000000 0.821056
892.000000 0.120384
893.000000 0.120384
894.000000 0.109440
895.000000 0.109440
896.000000 0.142272
897.000000 0.109440
898.000000 0.142272
899.000000 0.087552
900.000000 0.142272
901.000000 0.153216
902.000000 0.175104
903.000000 0.109440
904.000000 0.109440
905.000000 0.109440
906.000000 0.109440
907.000000 0.098496
908.000000 0.087552
909.000000 0.109440
910.000000 0.109440
911.000000 0.098496
912.000000 0.153216
913.000000 0.131328
914.000000 0.131328
915.000000 0.175104
916.000000 0.153216
917.000000 0.142272
918.000000 0.164160
919.000000 0.164160
920.000000 0.131328
921.000000 0.153216
922.000000 0.142272
923.000000 0.142272
924.000000 0.164160
925.000000 0.142272
926.000000 0.186048
927.000000 0.120384
928.000000 0.175104
933.000000 0.065664
934.000000 0.372096
936.000000 0.472216
937.000000 0.076608
938.000000 0.153216
939.000000 0.196992
940.000000 0.153216
941.000000 0.120384
942.000000 0.076608
943.000000 0.142272
944.000000 0.142272
945.000000 0.120384
946.000000 0.109440
947.000000 0.109440
948.000000 0.120384
949.000000 0.153216
950.000000 0.120384
959.000000 0.131072
960.000000 1.225984
961.000000 0.164160
962.000000 0.153216
963.000000 0.186048
964.000000 0.196992
965.000000 0.164160
966.000000 0.131328
967.000000 0.186048
968.000000 0.153216
969.000000 0.131328
970.000000 0.175104
971.000000 0.153216
972.000000 0.186048
973.000000 0.164160
974.000000 0.120384
975.000000 0.229824
976.000000 0.175104
998.000000 0.196992
999.000000 3.075264
1000.000000 0.109440
1001.000000 0.164160
1002.000000 0.120384
1003.000000 0.131328
1004.000000 0.120384
1005.000000 0.120384
1006.000000 0.026568
1007.000000 0.065664
1008.000000 0.109440
1009.000000 0.087552
1010.000000 0.098496
1011.000000 0.087552
1012.000000 0.120384
1013.000000 0.076608
1014.000000 0.065664
1015.000000 0.065664
1028.000000 0.163904
1030.000000 0.044032
1031.000000 0.339008
1032.000000 0.120640
1033.000000 0.098496
1034.000000 0.109440
1035.000000 0.142272
1036.000000 0.076608
1037.000000 0.087552
1038.000000 0.087552
1044.000000 0.174848
1045.000000 0.448960
1046.000000 0.131328
1047.000000 0.087552
1048.000000 0.120384
1049.000000 0.109440
1050.000000 0.098496
1051.000000 0.098496
1052.000000 0.098496
1053.000000 0.109440
1054.000000 0.098496
1055.000000 0.109440
1056.000000 0.076608
1057.000000 0.098496
1058.000000 0.098496
1059.000000 0.109440
1060.000000 0.109440
1061.000000 0.120384
1062.000000 0.142272
1063.000000 0.098496
1064.000000 0.076608
1065.000000 0.076608
1066.000000 0.087552
1067.000000 0.098496
1068.000000 0.098496
1069.000000 0.109440
1070.000000 0.098496
1071.000000 0.109440
1072.000000 0.098496
1073.000000 0.098496
1074.000000 0.098496
1075.000000 0.109440
1076.000000 0.109440
1077.000000 0.109440
1078.000000 0.098496
1079.000000 0.087552
1080.000000 0.076608
1081.000000 0.054720
1082.000000 0.065664
1084.000000 0.087552
1085.000000 0.120384
1086.000000 0.109440
1099.000000 0.131072
1100.000000 1.466752
1101.000000 0.131328
1102.000000 0.131328
1103.000000 0.142272
1104.000000 0.164160
1105.000000 0.120384
1106.000000 0.120384
1107.000000 0.142272
1108.000000 0.164160
1109.000000 0.120352
1110.000000 0.009008
1111.000000 0.054720
1112.000000 0.109440
1113.000000 0.120384
1114.000000 0.120384
1115.000000 0.109440
1116.000000 0.052792
1117.000000 0.153216
1118.000000 0.131328
1119.000000 0.131328
1120.000000 0.049640
1121.000000 0.120384
1122.000000 0.098496
1123.000000 0.131328
1124.000000 0.120384
1125.000000 0.086864
1129.000000 0.109440
1130.000000 0.087552
1131.000000 0.076608
1133.000000 0.043776
1133.000000 0.000000
