0.000000 1.302336
1.000000 1.707264
2.000000 1.832192
3.000000 1.810304
4.000000 2.210688
5.000000 1.908800
6.000000 2.276352
7.000000 1.777472
8.000000 1.678976
9.000000 2.145024
10.000000 2.105792
12.000000 2.024640
13.000000 1.744640
14.000000 1.897856
15.000000 2.221632
16.000000 1.733696
17.000000 2.331072
18.000000 1.766528
19.000000 1.646144
20.000000 2.342016
21.000000 1.569536
22.000000 1.838592
23.000000 1.711808
24.000000 2.134080
25.000000 1.821248
26.000000 1.755584
27.000000 2.276352
28.000000 2.072960
29.000000 2.072960
30.000000 2.155968
31.000000 1.930688
32.000000 2.254464
33.000000 2.018240
34.000000 2.127680
35.000000 2.363904
36.000000 1.547648
37.000000 1.966240
38.000000 1.945288
39.000000 1.482008
40.000000 1.838592
41.000000 1.635200
42.000000 1.794816
43.000000 1.766528
44.000000 1.991808
45.000000 1.875968
46.000000 2.062016
47.000000 1.357056
48.000000 1.554048
49.000000 0.825344
50.000000 0.853632
51.000000 1.422720
52.000000 1.208384
53.000000 1.740096
54.000000 1.711808
55.000000 2.024640
56.000000 1.602368
57.000000 1.926144
58.000000 1.164608
59.000000 1.586880
60.000000 1.317824
61.000000 1.083456
62.000000 1.072512
63.000000 0.858176
64.000000 1.160064
65.000000 1.116288
66.000000 0.880064
67.000000 0.766080
68.000000 0.689472
69.000000 0.995904
70.000000 0.901952
71.000000 1.411776
72.000000 1.547648
73.000000 1.871424
74.000000 1.558592
75.000000 2.079360
76.000000 1.657088
77.000000 1.772928
78.000000 1.088000
79.000000 1.203840
81.000000 1.875968
82.000000 1.641600
83.000000 1.624256
84.000000 1.740096
85.000000 1.602368
86.000000 1.849536
87.000000 1.383488
88.000000 1.378944
89.000000 1.214784
90.000000 0.814400
91.000000 0.853632
92.000000 0.689472
93.000000 0.372096
94.000000 0.339264
95.000000 0.525312
96.000000 0.431360
97.000000 1.280448
99.000000 1.466496
100.000000 1.263104
101.000000 1.564992
102.000000 1.328768
103.000000 1.554048
104.000000 1.361600
105.000000 1.477440
106.000000 1.368000
107.000000 1.044224
108.000000 1.203840
109.000000 1.203840
110.000000 1.033280
111.000000 1.291392
112.000000 1.219328
113.000000 1.455552
114.000000 1.389888
115.000000 1.164608
116.000000 1.258560
117.000000 1.197440
118.000000 1.105344
119.000000 1.247616
120.000000 1.274048
121.000000 1.455552
122.000000 1.462816
123.000000 1.179232
124.000000 1.860480
125.000000 1.613312
126.000000 1.805760
127.000000 1.503872
128.000000 1.875968
129.000000 1.444608
130.000000 1.324224
131.000000 1.131784
132.000000 1.346112
133.000000 1.225728
134.000000 1.044224
135.000000 1.214784
136.000000 1.109888
137.000000 1.149120
138.000000 1.302336
139.000000 1.350656
140.000000 1.400832
141.000000 1.339712
142.000000 1.389888
143.000000 1.455552
144.000000 1.131776
145.000000 1.772928
146.000000 1.295936
147.000000 1.751040
148.000000 1.394432
149.000000 1.729152
150.000000 1.481984
151.000000 1.707264
152.000000 1.569536
153.000000 1.849536
154.000000 1.438208
155.000000 1.772928
156.000000 1.361600
157.000000 1.860480
158.000000 1.591424
159.000000 1.838592
160.000000 1.438208
161.000000 1.619712
162.000000 1.317824
163.000000 1.291392
165.000000 1.280448
166.000000 0.814400
167.000000 1.346112
168.000000 1.203840
169.000000 0.858176
170.000000 1.302336
171.000000 1.422720
172.000000 1.230272
173.000000 1.477440
174.000000 1.131776
175.000000 1.532160
176.000000 1.503872
177.000000 0.974016
178.000000 1.696320
179.000000 1.306880
180.000000 1.663488
181.000000 1.383480
182.000000 1.740096
183.000000 1.175552
184.000000 1.488384
185.000000 1.488384
186.000000 1.175552
187.000000 1.357056
188.000000 1.350656
189.000000 1.948032
190.000000 1.230272
191.000000 0.952128
192.000000 0.700416
193.000000 0.875520
194.000000 0.584576
195.000000 1.280448
