0.000000 0.963072
1.000000 1.258560
2.000000 1.711808
3.000000 1.214784
4.000000 1.394432
5.000000 1.488384
6.000000 1.291392
7.000000 1.109888
8.000000 1.400832
9.000000 1.350656
10.000000 2.188800
11.000000 1.230272
12.000000 1.400832
13.000000 0.547200
14.000000 0.744192
15.000000 0.836288
16.000000 0.974016
17.000000 1.061568
18.000000 0.814400
19.000000 0.569088
20.000000 0.820800
22.000000 1.291392
23.000000 1.274048
24.000000 1.149120
25.000000 1.105344
26.000000 1.000448
27.000000 1.269504
28.000000 1.295936
29.000000 1.400832
30.000000 1.805760
31.000000 1.394432
32.000000 1.575936
33.000000 1.109888
34.000000 1.466496
35.000000 1.263104
36.000000 1.499328
37.000000 1.591424
38.000000 1.466496
39.000000 1.521216
40.000000 1.208384
41.000000 1.357056
42.000000 1.328768
43.000000 1.619712
44.000000 1.328768
45.000000 1.521216
46.000000 1.422720
47.000000 0.956672
48.000000 1.357056
49.000000 1.236672
50.000000 1.274048
51.000000 1.521216
52.000000 1.153664
53.000000 1.433664
54.000000 1.230272
55.000000 1.466496
56.000000 1.357056
57.000000 1.109864
58.000000 1.466496
59.000000 1.306904
60.000000 1.378944
61.000000 1.532160
62.000000 1.350656
63.000000 1.422720
64.000000 1.405376
65.000000 1.488384
66.000000 1.284992
67.000000 1.313280
68.000000 1.777472
69.000000 1.411776
70.000000 1.466496
71.000000 1.372544
72.000000 1.652544
73.000000 1.263104
74.000000 1.521216
75.000000 1.142720
76.000000 1.575936
77.000000 1.630656
78.000000 1.252160
79.000000 1.433664
80.000000 1.295936
81.000000 1.499328
82.000000 1.153664
84.000000 1.455552
85.000000 1.641600
86.000000 1.175552
87.000000 1.313280
88.000000 0.956672
89.000000 1.335168
90.000000 1.564992
91.000000 0.486080
92.000000 0.700416
93.000000 0.623808
94.000000 0.612864
97.000000 0.131072
98.000000 1.405632
99.000000 1.214784
100.000000 1.597824
101.000000 1.088000
102.000000 0.963072
103.000000 0.240768
104.000000 0.273600
106.000000 0.891008
107.000000 1.116288
108.000000 1.094400
109.000000 1.044224
110.000000 1.127232
111.000000 0.536256
112.000000 0.558144
113.000000 0.415872
114.000000 0.131328
115.000000 0.317376
116.000000 0.190592
117.000000 1.006848
118.000000 1.532160
119.000000 1.197440
120.000000 0.798912
121.000000 0.930240
122.000000 0.755136
123.000000 0.672128
124.000000 1.105344
125.000000 1.280448
126.000000 1.186496
127.000000 1.160064
128.000000 0.809856
129.000000 0.339264
130.000000 0.464192
131.000000 0.787968
132.000000 0.744192
133.000000 0.853632
134.000000 0.645696
135.000000 0.365696
136.000000 0.448704
137.000000 0.580032
138.000000 0.831744
139.000000 0.448704
140.000000 0.372096
141.000000 0.464192
143.000000 1.094400
144.000000 1.181952
145.000000 1.230272
146.000000 1.171008
147.000000 1.564992
148.000000 1.284992
149.000000 1.313280
150.000000 0.869120
151.000000 1.575936
152.000000 1.685376
153.000000 1.525760
154.000000 1.854080
155.000000 2.068416
156.000000 1.799360
157.000000 1.937088
158.000000 1.536704
159.000000 1.543104
160.000000 1.077056
161.000000 1.641600
162.000000 1.558592
163.000000 1.816704
164.000000 1.514816
165.000000 1.554048
167.000000 1.536704
168.000000 1.389888
169.000000 1.083456
170.000000 0.934784
171.000000 0.820800
172.000000 0.995904
173.000000 0.963072
174.000000 0.464200
175.000000 0.590976
176.000000 0.875520
177.000000 1.700864
178.000000 1.499328
179.000000 1.192896
180.000000 1.438208
181.000000 1.521216
182.000000 0.912896
183.000000 1.247616
184.000000 1.674432
185.000000 0.628352
186.000000 0.952128
187.000000 0.908352
188.000000 0.941184
189.000000 1.252160
190.000000 1.948032
191.000000 1.865024
192.000000 2.072960
193.000000 2.188800
194.000000 1.843136
195.000000 2.127680
196.000000 2.418624
197.000000 1.755584
198.000000 1.805760
199.000000 2.269952
200.000000 2.346560
201.000000 2.112192
202.000000 1.777472
203.000000 1.455552
204.000000 1.427264
205.000000 1.707264
206.000000 1.503872
207.000000 1.532160
208.000000 1.449152
209.000000 1.619712
210.000000 0.853632
211.000000 0.978560
212.000000 1.488384
213.000000 1.142720
214.000000 0.590976
215.000000 0.525312
216.000000 1.400832
217.000000 0.792512
218.000000 0.766080
219.000000 0.656640
220.000000 1.389888
221.000000 1.077056
222.000000 1.258560
223.000000 1.668024
224.000000 2.363904
225.000000 1.591424
226.000000 1.641600
227.000000 1.733696
229.000000 2.051072
230.000000 1.915200
231.000000 1.383488
232.000000 1.608768
233.000000 1.777472
234.000000 1.948032
235.000000 1.449152
236.000000 1.433664
237.000000 1.591424
238.000000 2.134080
239.000000 1.328768
240.000000 2.013696
241.000000 1.569536
242.000000 1.915200
243.000000 1.875968
244.000000 2.210688
245.000000 1.678976
246.000000 1.657088
247.000000 1.597824
248.000000 1.028736
249.000000 0.661184
250.000000 1.368000
251.000000 1.400832
252.000000 1.055168
253.000000 1.247616
254.000000 1.017792
255.000000 0.869120
256.000000 1.072512
257.000000 0.853632
258.000000 0.623808
259.000000 0.562688
261.000000 0.175104
262.000000 2.849984
263.000000 1.313280
264.000000 1.893312
265.000000 1.449152
266.000000 1.707264
267.000000 1.591424
268.000000 1.875968
269.000000 2.243520
270.000000 1.624264
271.000000 2.495232
272.000000 1.733696
273.000000 1.930688
274.000000 1.236672
275.000000 1.886912
276.000000 0.722304
277.000000 1.061568
278.000000 0.218880
279.000000 1.492928
280.000000 0.437760
282.000000 0.229824
283.000000 1.138176
285.000000 0.908352
286.000000 0.332864
287.000000 0.328320
288.000000 0.700416
289.000000 1.696320
290.000000 0.240768
291.000000 0.507968
292.000000 2.188800
293.000000 1.689920
294.000000 2.057472
295.000000 1.777472
296.000000 1.908800
297.000000 2.210688
298.000000 2.127680
299.000000 2.123136
300.000000 1.503872
301.000000 1.854080
302.000000 0.612864
303.000000 0.207936
308.000000 0.032832
310.000000 0.218880
311.000000 1.937088
312.000000 0.109440
313.000000 0.332864
314.000000 1.061568
315.000000 0.952128
316.000000 0.930240
317.000000 0.694016
318.000000 0.437760
319.000000 0.645696
321.000000 0.623552
322.000000 2.160768
323.000000 1.543104
324.000000 1.098944
325.000000 1.652544
326.000000 1.580480
327.000000 1.488384
328.000000 1.061568
329.000000 0.869120
332.000000 0.109440
333.000000 2.609216
334.000000 1.192896
335.000000 1.455552
336.000000 1.044224
337.000000 1.543104
338.000000 1.317816
339.000000 1.488384
340.000000 1.766528
341.000000 1.740096
342.000000 1.569536
343.000000 1.707264
344.000000 1.875968
345.000000 1.882368
346.000000 1.613312
347.000000 2.035584
348.000000 1.569536
349.000000 1.860480
350.000000 1.886912
351.000000 1.908800
352.000000 1.937088
353.000000 1.328768
354.000000 1.554048
355.000000 1.575936
356.000000 0.891008
357.000000 1.181952
358.000000 1.383488
359.000000 1.466496
360.000000 1.225728
361.000000 1.142720
362.000000 1.707264
363.000000 1.492928
364.000000 1.948032
365.000000 1.602368
366.000000 1.740096
367.000000 1.525760
368.000000 1.280448
369.000000 1.339688
370.000000 1.433664
372.000000 1.733720
373.000000 1.838592
374.000000 1.481984
375.000000 1.805760
376.000000 1.744640
377.000000 1.389888
378.000000 1.006848
379.000000 0.825344
380.000000 1.225728
381.000000 0.864576
382.000000 0.558144
383.000000 0.354752
384.000000 0.744192
385.000000 0.809856
386.000000 0.306432
387.000000 0.415872
388.000000 0.503424
389.000000 0.497032
390.000000 1.083456
391.000000 1.346112
392.000000 0.847232
393.000000 0.525312
394.000000 0.612864
395.000000 0.831744
396.000000 1.306880
397.000000 1.324224
399.000000 1.357056
400.000000 1.241216
401.000000 1.532160
402.000000 1.492928
403.000000 1.838592
404.000000 1.580480
405.000000 1.904256
406.000000 1.635200
407.000000 1.980864
408.000000 0.672128
409.000000 1.718208
410.000000 1.394432
411.000000 1.291392
412.000000 1.313280
413.000000 1.098944
414.000000 1.466496
415.000000 1.405376
416.000000 1.849536
417.000000 1.766528
418.000000 2.101248
420.000000 1.230016
421.000000 2.850240
422.000000 1.400832
423.000000 2.029184
424.000000 2.374848
425.000000 1.711808
426.000000 1.564992
427.000000 1.646144
428.000000 2.309184
429.000000 1.897856
430.000000 1.886912
431.000000 2.123136
432.000000 1.580480
433.000000 2.177856
434.000000 2.051072
435.000000 1.843128
436.000000 2.013696
437.000000 1.460096
438.000000 1.674432
439.000000 1.503872
440.000000 1.794816
441.000000 1.460096
442.000000 1.663488
443.000000 1.164608
444.000000 1.324224
445.000000 0.755136
448.000000 0.131072
449.000000 2.215488
450.000000 1.422720
451.000000 1.252160
452.000000 1.882368
453.000000 1.438208
454.000000 1.608768
455.000000 1.109888
456.000000 1.258560
457.000000 1.116288
458.000000 0.858176
459.000000 1.214784
460.000000 0.831744
461.000000 0.623808
462.000000 0.836288
463.000000 1.083456
464.000000 1.017792
465.000000 0.897408
466.000000 0.748736
467.000000 0.612864
468.000000 0.317376
469.000000 0.569088
470.000000 0.798912
471.000000 0.365696
472.000000 1.072512
473.000000 1.335168
474.000000 1.011392
475.000000 0.995904
476.000000 1.368000
477.000000 0.989504
478.000000 1.116288
479.000000 1.203840
480.000000 1.055168
481.000000 1.422720
482.000000 1.203840
483.000000 1.077056
484.000000 1.225728
485.000000 1.219328
486.000000 1.368000
487.000000 1.433664
488.000000 1.230272
489.000000 1.400832
490.000000 1.219328
491.000000 1.346112
492.000000 0.580032
493.000000 0.875520
494.000000 1.000448
496.000000 0.514368
497.000000 0.361152
498.000000 0.711360
499.000000 1.197448
500.000000 0.700416
501.000000 0.897408
502.000000 1.149120
503.000000 0.934784
504.000000 1.149120
505.000000 1.236672
506.000000 1.077056
507.000000 1.006848
508.000000 0.766080
509.000000 0.781568
510.000000 0.930240
511.000000 1.127232
512.000000 1.039680
513.000000 0.650240
514.000000 1.006848
515.000000 0.842688
516.000000 0.864576
517.000000 0.825344
518.000000 1.061568
519.000000 1.247616
520.000000 0.934784
521.000000 1.466496
522.000000 1.230272
523.000000 1.411776
524.000000 1.554048
525.000000 1.241216
526.000000 1.433664
527.000000 1.295936
528.000000 1.192896
529.000000 1.083456
530.000000 1.066112
531.000000 1.149120
532.000000 1.039680
533.000000 0.901952
534.000000 1.138176
535.000000 1.203840
536.000000 0.901952
537.000000 0.569088
538.000000 0.897408
539.000000 0.853632
540.000000 0.650240
541.000000 1.028736
542.000000 1.083456
543.000000 0.941184
544.000000 0.715904
545.000000 1.291392
546.000000 1.324224
547.000000 1.197440
548.000000 1.444608
550.000000 0.770624
551.000000 1.258560
552.000000 1.532160
553.000000 1.361600
554.000000 1.532160
555.000000 1.361600
556.000000 1.685376
557.000000 1.142720
558.000000 0.908352
559.000000 1.280448
560.000000 1.033280
561.000000 1.258560
562.000000 1.335168
563.000000 1.109888
564.000000 1.554048
565.000000 1.416320
566.000000 1.597824
567.000000 1.569536
568.000000 1.674432
569.000000 1.591424
570.000000 1.608768
571.000000 1.630656
572.000000 1.252160
573.000000 1.532160
574.000000 1.317824
575.000000 1.455552
576.000000 1.066112
577.000000 1.411776
578.000000 1.823960
579.000000 1.540392
580.000000 1.744640
581.000000 1.805760
582.000000 1.711808
583.000000 1.915200
584.000000 1.372544
585.000000 1.433664
586.000000 1.149120
587.000000 0.759680
588.000000 0.590976
589.000000 1.302336
590.000000 1.219328
591.000000 1.488384
592.000000 1.433664
593.000000 1.274048
594.000000 1.258560
595.000000 0.930240
596.000000 0.661184
597.000000 0.919296
598.000000 0.678528
599.000000 0.525312
600.000000 0.284544
603.000000 0.175104
604.000000 0.201536
605.000000 0.842688
606.000000 0.514368
607.000000 0.544000
608.000000 0.200192
609.000000 0.689472
610.000000 0.573632
611.000000 0.645696
612.000000 0.700416
613.000000 0.558144
614.000000 0.612864
615.000000 0.540800
616.000000 0.656640
617.000000 0.645696
618.000000 0.426816
619.000000 0.087552
620.000000 0.240768
621.000000 0.634752
622.000000 0.694016
623.000000 1.202496
624.000000 1.413120
625.000000 1.153664
626.000000 1.357056
627.000000 1.149120
628.000000 0.759680
630.000000 1.291392
631.000000 1.364312
632.000000 1.124520
633.000000 1.400832
634.000000 1.055168
635.000000 1.477440
636.000000 1.302336
637.000000 0.945728
638.000000 1.192896
639.000000 1.171008
640.000000 0.967616
641.000000 1.346112
642.000000 1.142720
643.000000 1.127232
644.000000 1.258560
645.000000 1.131776
646.000000 1.269504
647.000000 1.181952
648.000000 1.131776
649.000000 1.521216
650.000000 1.449152
651.000000 1.564992
652.000000 1.635200
653.000000 1.674432
654.000000 1.492928
655.000000 2.046528
656.000000 1.744640
657.000000 2.276352
658.000000 1.668032
659.000000 1.783872
660.000000 1.503872
661.000000 2.029184
662.000000 1.871424
663.000000 1.405376
664.000000 1.663488
665.000000 1.602368
666.000000 1.674432
667.000000 1.613312
668.000000 1.948032
669.000000 1.547648
670.000000 1.061568
671.000000 1.674432
672.000000 1.657088
673.000000 1.751040
674.000000 1.306880
675.000000 1.740096
676.000000 1.219328
677.000000 1.597824
678.000000 1.405368
679.000000 1.619712
680.000000 1.383488
681.000000 1.543104
682.000000 1.558592
683.000000 1.718208
684.000000 1.525760
685.000000 1.849536
686.000000 1.247616
687.000000 0.595520
688.000000 0.678528
689.000000 0.393984
690.000000 0.196992
729.000000 0.131072
744.000000 1.050880
746.000000 0.043776
747.000000 0.065664
748.000000 0.043776
749.000000 0.054720
750.000000 0.065664
751.000000 0.065664
753.000000 0.015488
754.000000 0.054720
755.000000 0.098496
756.000000 0.164160
757.000000 0.196992
758.000000 0.186048
759.000000 0.175104
760.000000 0.186048
761.000000 0.229824
763.000000 0.206592
764.000000 0.209280
765.000000 0.218880
766.000000 0.207936
767.000000 0.240768
768.000000 0.175104
769.000000 0.240768
770.000000 0.186048
771.000000 0.229824
772.000000 0.092096
773.000000 0.164160
774.000000 0.175104
775.000000 0.218880
776.000000 0.240768
778.000000 0.186048
779.000000 0.229824
780.000000 0.153216
781.000000 0.251712
782.000000 0.207936
783.000000 0.218880
784.000000 0.207936
785.000000 0.218880
786.000000 0.211776
787.000000 0.204096
788.000000 0.207936
790.000000 0.157760
791.000000 0.164160
792.000000 0.196992
793.000000 0.207936
794.000000 0.207936
795.000000 0.218880
796.000000 0.207936
797.000000 0.217536
798.000000 0.187392
799.000000 0.196992
800.000000 0.218880
801.000000 0.196992
802.000000 0.196992
803.000000 0.164416
804.000000 0.131072
809.000000 0.131072
810.000000 0.442560
812.000000 0.164160
813.000000 0.142272
814.000000 0.142272
815.000000 0.164160
816.000000 0.229824
817.000000 0.196992
818.000000 0.218880
820.000000 0.196992
821.000000 0.164160
822.000000 0.186048
823.000000 0.131328
824.000000 0.186048
825.000000 0.186048
826.000000 0.142272
827.000000 0.164160
828.000000 0.120384
829.000000 0.131328
830.000000 0.131328
831.000000 0.142272
832.000000 0.116704
835.000000 0.008224
836.000000 0.054720
837.000000 0.098496
838.000000 0.043776
839.000000 0.032832
840.000000 0.098496
842.000000 0.065664
843.000000 0.054720
844.000000 0.065664
846.000000 0.021888
847.000000 0.010944
859.000000 0.010944
860.000000 0.065664
864.000000 0.010944
865.000000 0.109440
866.000000 0.425472
867.000000 0.099840
868.000000 0.131328
869.000000 0.131328
870.000000 0.098496
871.000000 0.186048
872.000000 0.164160
873.000000 0.131328
874.000000 0.142272
875.000000 0.164160
876.000000 0.164160
878.000000 0.120384
879.000000 0.175104
880.000000 0.153216
881.000000 0.196992
882.000000 0.048320
883.000000 0.131328
884.000000 0.164160
885.000000 0.164160
886.000000 0.153216
887.000000 0.186048
888.000000 0.131328
889.000000 0.142272
891.000000 0.131328
892.000000 0.195648
893.000000 0.165504
894.000000 0.164160
895.000000 0.164160
896.000000 0.153216
897.000000 0.164160
898.000000 0.164160
899.000000 0.175104
900.000000 0.164160
901.000000 0.175104
902.000000 0.175104
904.000000 0.131072
906.000000 0.081408
907.000000 0.142272
908.000000 0.164160
909.000000 0.164160
910.000000 0.164160
911.000000 0.164160
912.000000 0.164160
913.000000 0.164160
914.000000 0.164160
915.000000 0.175104
916.000000 0.164160
917.000000 0.164160
918.000000 0.164160
919.000000 0.153216
920.000000 0.164160
921.000000 0.153216
922.000000 0.153216
923.000000 0.142272
924.000000 0.131328
925.000000 0.142272
927.000000 0.131328
928.000000 0.146816
929.000000 0.109440
931.000000 0.164160
932.000000 0.164160
933.000000 0.153216
934.000000 0.164160
935.000000 0.164160
936.000000 0.153216
937.000000 0.164160
938.000000 0.153216
939.000000 0.164160
940.000000 0.164160
941.000000 0.164160
942.000000 0.164160
943.000000 0.164160
944.000000 0.164160
945.000000 0.153216
946.000000 0.164160
947.000000 0.164160
948.000000 0.164160
949.000000 0.153216
950.000000 0.103040
951.000000 0.120384
952.000000 0.164160
954.000000 0.153216
955.000000 0.153216
956.000000 0.153216
957.000000 0.142272
958.000000 0.120384
959.000000 0.120384
960.000000 0.131328
961.000000 0.153024
962.000000 0.175296
963.000000 0.164160
965.000000 0.175104
973.000000 0.131072
975.000000 1.230528
976.000000 0.098496
977.000000 0.120384
978.000000 0.131328
979.000000 0.142272
980.000000 0.142272
981.000000 0.153216
982.000000 0.142272
983.000000 0.164160
984.000000 0.119040
986.000000 0.132672
987.000000 0.119040
988.000000 0.143616
989.000000 0.153216
990.000000 0.142272
991.000000 0.128576
992.000000 0.134080
993.000000 0.131328
1001.000000 0.196736
1003.000000 0.770880
1004.000000 0.098496
1005.000000 0.131328
1006.000000 0.131328
1007.000000 0.120384
1008.000000 0.131328
1009.000000 0.120384
1011.000000 0.120384
1012.000000 0.120384
1013.000000 0.109440
1014.000000 0.119040
1015.000000 0.067008
1016.000000 0.087552
1017.000000 0.065472
1019.000000 0.076800
1020.000000 0.054720
1021.000000 0.054720
1032.000000 0.043776
1033.000000 0.809856
1034.000000 0.087552
1035.000000 0.175104
1036.000000 0.142272
1037.000000 0.153216
1038.000000 0.164160
1040.000000 0.092096
1041.000000 0.109440
1042.000000 0.153216
1043.000000 0.175104
1045.000000 0.186048
1046.000000 0.186048
1047.000000 0.153216
1048.000000 0.142272
1049.000000 0.140928
1050.000000 0.198336
1051.000000 0.142272
1052.000000 0.164160
1053.000000 0.164160
1054.000000 0.164160
1062.000000 0.131072
1063.000000 1.099200
1064.000000 0.153216
1065.000000 0.164160
1066.000000 0.164160
1067.000000 0.164160
1068.000000 0.164160
1069.000000 0.164160
1071.000000 0.164160
1072.000000 0.164160
1073.000000 0.164160
1074.000000 0.164160
1075.000000 0.164160
1076.000000 0.159296
1077.000000 0.158080
1078.000000 0.164160
1079.000000 0.153216
1080.000000 0.164160
1081.000000 0.164160
1082.000000 0.164160
1083.000000 0.164160
1084.000000 0.157760
1085.000000 0.142272
1086.000000 0.131328
1088.000000 0.175104
1089.000000 0.153216
1090.000000 0.175104
1091.000000 0.153216
1092.000000 0.186048
1093.000000 0.120384
1094.000000 0.186304
1095.000000 0.152960
1096.000000 0.153216
1097.000000 0.175104
1098.000000 0.186048
1099.000000 0.153216
1101.000000 0.153216
1102.000000 0.131328
1103.000000 0.131328
1104.000000 0.164160
1105.000000 0.142272
1106.000000 0.131328
1107.000000 0.142272
1109.000000 0.037376
1110.000000 0.065664
1111.000000 0.120384
1112.000000 0.087552
1113.000000 0.142272
