0.000000 0.032832
1.000000 0.098496
2.000000 0.125496
3.000000 0.171216
4.000000 0.065664
6.000000 0.065664
7.000000 0.054720
8.000000 0.087552
9.000000 0.131328
10.000000 0.109440
11.000000 0.087552
12.000000 0.087552
13.000000 0.120384
14.000000 0.142272
15.000000 0.098496
16.000000 0.065664
17.000000 0.087552
19.000000 0.120384
20.000000 0.426816
21.000000 0.437760
22.000000 0.317376
23.000000 0.251712
25.000000 0.196992
26.000000 0.196992
28.000000 0.054720
29.000000 0.098496
30.000000 0.087552
31.000000 0.032832
32.000000 0.043776
33.000000 0.065664
34.000000 0.032832
35.000000 0.065664
36.000000 0.098496
37.000000 0.054720
39.000000 0.021888
40.000000 0.032832
41.000000 0.021888
42.000000 0.047632
43.000000 0.069520
44.000000 0.051488
46.000000 0.025744
48.000000 0.054720
49.000000 0.065664
50.000000 0.021888
51.000000 0.032832
52.000000 0.021888
53.000000 0.021888
55.000000 0.032832
56.000000 0.043776
57.000000 0.045696
58.000000 0.032832
59.000000 0.043776
60.000000 0.076608
61.000000 0.054720
63.000000 0.054720
64.000000 0.065664
65.000000 0.087552
66.000000 0.076608
67.000000 0.032832
69.000000 0.036912
70.000000 0.043776
71.000000 0.054720
72.000000 0.054720
73.000000 0.043776
82.000000 0.131072
83.000000 0.603776
84.000000 0.227832
85.000000 0.328320
86.000000 0.269496
87.000000 0.164160
88.000000 0.153216
90.000000 0.056776
91.000000 0.802384
92.000000 0.897528
93.000000 0.745192
94.000000 0.676784
95.000000 0.805288
96.000000 0.741864
97.000000 0.483752
98.000000 0.334160
99.000000 0.175104
100.000000 0.365896
101.000000 0.749856
102.000000 0.755680
103.000000 0.934272
104.000000 0.653696
106.000000 0.608392
107.000000 0.760024
108.000000 0.816856
109.000000 0.836552
110.000000 0.761984
111.000000 0.844736
112.000000 1.182064
113.000000 1.084792
114.000000 0.919296
115.000000 0.755528
116.000000 1.454456
117.000000 1.301136
119.000000 1.597952
120.000000 0.952128
121.000000 0.923304
122.000000 0.744192
123.000000 0.881912
124.000000 0.777024
125.000000 0.626496
126.000000 0.711360
127.000000 0.634752
128.000000 0.290200
129.000000 0.558144
130.000000 0.899112
131.000000 1.180752
132.000000 1.272168
133.000000 0.868752
134.000000 1.222744
135.000000 1.163336
136.000000 0.903088
137.000000 1.090392
138.000000 1.300504
139.000000 1.443584
140.000000 1.651744
141.000000 1.716944
142.000000 1.761984
143.000000 1.139312
144.000000 1.436480
145.000000 1.495752
146.000000 1.581064
147.000000 1.663488
148.000000 1.257456
149.000000 1.398544
150.000000 1.611344
151.000000 1.597824
153.000000 1.242472
154.000000 1.476320
155.000000 1.860480
156.000000 1.382504
157.000000 1.387560
158.000000 1.462632
159.000000 1.651072
160.000000 1.687424
161.000000 2.145024
162.000000 1.597848
163.000000 2.093432
164.000000 2.100720
165.000000 2.024024
166.000000 2.495232
167.000000 1.736928
168.000000 1.705664
169.000000 2.276352
170.000000 1.823864
171.000000 2.440512
172.000000 2.031344
173.000000 2.028184
174.000000 2.440512
175.000000 1.439944
176.000000 1.521744
177.000000 1.608768
178.000000 1.410808
179.000000 1.575936
180.000000 1.357056
181.000000 0.816736
182.000000 1.521216
183.000000 1.132160
184.000000 1.488384
185.000000 1.022224
186.000000 1.280448
187.000000 1.061568
188.000000 0.904288
189.000000 1.152664
190.000000 0.958936
191.000000 0.711360
192.000000 0.745240
193.000000 1.367344
194.000000 1.050624
195.000000 0.660112
197.000000 1.393352
198.000000 1.576936
199.000000 2.057472
200.000000 1.468480
201.000000 1.800632
202.000000 2.057472
203.000000 1.396936
204.000000 1.497384
205.000000 1.753896
206.000000 1.771944
207.000000 2.035584
208.000000 1.673408
209.000000 1.798104
210.000000 2.101248
211.000000 2.265408
212.000000 0.387872
213.000000 1.751040
214.000000 1.337928
215.000000 1.575936
216.000000 1.122712
217.000000 1.696320
218.000000 0.868336
219.000000 1.400832
220.000000 1.070616
221.000000 1.203840
222.000000 1.236672
223.000000 0.806560
224.000000 0.974016
225.000000 1.105344
226.000000 1.107128
227.000000 1.393536
228.000000 1.510272
229.000000 1.237880
230.000000 1.257296
231.000000 1.253768
232.000000 1.575936
233.000000 1.250512
234.000000 1.282784
235.000000 1.597824
236.000000 1.180880
237.000000 1.257688
238.000000 1.499328
239.000000 1.206728
240.000000 1.564992
241.000000 1.254080
242.000000 1.411776
243.000000 1.280448
245.000000 0.824936
246.000000 1.094400
247.000000 1.138176
248.000000 0.995904
249.000000 0.471584
250.000000 0.623808
251.000000 0.492480
252.000000 0.520056
253.000000 1.324680
255.000000 0.980544
256.000000 1.127232
257.000000 1.028240
258.000000 1.491792
259.000000 1.875704
260.000000 0.785944
261.000000 1.628680
262.000000 1.739936
263.000000 1.608208
264.000000 1.554256
265.000000 1.269504
266.000000 0.229824
267.000000 0.344800
268.000000 0.722304
269.000000 0.656640
271.000000 0.196992
272.000000 0.503424
273.000000 0.284544
274.000000 0.423056
275.000000 1.080480
276.000000 1.321696
278.000000 1.028736
279.000000 1.369304
280.000000 1.302184
281.000000 1.797552
282.000000 1.607824
283.000000 1.757008
284.000000 1.912024
285.000000 1.579336
287.000000 1.400832
288.000000 0.776728
289.000000 1.631456
290.000000 1.795272
291.000000 1.463760
292.000000 1.335024
293.000000 1.948032
294.000000 1.403328
295.000000 1.772928
296.000000 1.877496
297.000000 1.832432
298.000000 2.177856
299.000000 1.810816
300.000000 1.968048
301.000000 2.331072
302.000000 2.309184
303.000000 1.743184
304.000000 2.276352
305.000000 1.472664
306.000000 2.276352
307.000000 1.625968
308.000000 1.847880
309.000000 2.451456
310.000000 1.909424
311.000000 1.861128
312.000000 2.542872
313.000000 1.847592
314.000000 1.948136
315.000000 2.171896
316.000000 2.660088
317.000000 2.099304
318.000000 2.017696
319.000000 2.001112
320.000000 1.859896
321.000000 1.991672
322.000000 2.082632
323.000000 1.794816
324.000000 1.415968
325.000000 1.783872
326.000000 1.537912
327.000000 1.839128
328.000000 2.105512
330.000000 2.325896
331.000000 1.871424
332.000000 2.112192
333.000000 1.483744
334.000000 2.210688
335.000000 2.298240
336.000000 1.666072
337.000000 1.915200
338.000000 1.753312
339.000000 1.696320
340.000000 1.004400
341.000000 1.335168
342.000000 1.302512
343.000000 1.357056
344.000000 0.941184
345.000000 0.911128
346.000000 1.258560
347.000000 0.612024
348.000000 0.186048
349.000000 0.547200
350.000000 0.656640
351.000000 0.476168
352.000000 0.109440
353.000000 0.689472
354.000000 0.295488
355.000000 0.131328
356.000000 1.028736
357.000000 1.029592
358.000000 0.601920
359.000000 0.694096
360.000000 0.897408
361.000000 0.963072
362.000000 0.704808
363.000000 0.908352
364.000000 0.569824
365.000000 0.798912
366.000000 0.599352
367.000000 0.930240
368.000000 0.686864
369.000000 0.704752
370.000000 0.711888
371.000000 0.787504
372.000000 0.815848
373.000000 0.966120
374.000000 0.908656
375.000000 0.972216
376.000000 1.053888
377.000000 1.090664
378.000000 1.045504
380.000000 0.828608
381.000000 1.017792
382.000000 0.342320
383.000000 0.897408
384.000000 0.600920
385.000000 0.689472
386.000000 0.646104
387.000000 0.711360
388.000000 0.493216
389.000000 0.678528
390.000000 0.669992
391.000000 0.590976
393.000000 0.703296
394.000000 0.733248
395.000000 0.530904
396.000000 0.558144
397.000000 0.437760
398.000000 0.446824
399.000000 0.525312
400.000000 0.535024
401.000000 0.763672
402.000000 0.838640
403.000000 0.930240
404.000000 0.743064
405.000000 1.006848
406.000000 0.924168
407.000000 0.997832
408.000000 1.335168
409.000000 0.832512
410.000000 1.057112
411.000000 1.050624
412.000000 0.999336
413.000000 1.116288
414.000000 0.912824
415.000000 0.942968
416.000000 0.899288
417.000000 0.787968
418.000000 0.455240
420.000000 1.250544
421.000000 1.210232
422.000000 1.457728
423.000000 1.319920
424.000000 1.367664
425.000000 1.871424
426.000000 1.446856
427.000000 1.794816
428.000000 1.424544
429.000000 1.427704
430.000000 1.816704
431.000000 1.578552
432.000000 1.631488
433.000000 1.695776
434.000000 1.783648
435.000000 1.247616
436.000000 1.017792
437.000000 0.905352
438.000000 0.590976
439.000000 0.437760
440.000000 0.404928
441.000000 0.850200
442.000000 2.081768
443.000000 2.068416
444.000000 1.298896
445.000000 1.251224
446.000000 1.532160
447.000000 1.046608
448.000000 1.247616
449.000000 1.086976
450.000000 1.450896
452.000000 1.609784
453.000000 1.669624
454.000000 1.634512
455.000000 1.324224
456.000000 0.909120
457.000000 1.170048
458.000000 1.417080
460.000000 1.402712
461.000000 1.676664
462.000000 1.478200
463.000000 1.499328
464.000000 1.077344
465.000000 1.298712
466.000000 1.455552
467.000000 1.110952
468.000000 1.013352
469.000000 1.263824
470.000000 1.488384
471.000000 1.109480
472.000000 1.140960
473.000000 1.433664
474.000000 1.245120
475.000000 1.201728
476.000000 1.412248
477.000000 1.663488
478.000000 1.359968
479.000000 1.674432
480.000000 1.267432
481.000000 1.536960
482.000000 1.589368
483.000000 1.999096
484.000000 2.221632
485.000000 1.701448
486.000000 1.824824
487.000000 1.990184
488.000000 2.012144
489.000000 1.824608
490.000000 1.886360
491.000000 2.025160
492.000000 1.992520
493.000000 2.068072
494.000000 2.036560
496.000000 2.638224
497.000000 2.549952
498.000000 1.844544
499.000000 2.070984
500.000000 1.814032
501.000000 1.680608
502.000000 1.846168
503.000000 1.937088
504.000000 1.186912
505.000000 1.725448
506.000000 1.980864
507.000000 1.495776
508.000000 2.104928
509.000000 2.462400
510.000000 1.862496
511.000000 2.363904
512.000000 2.046528
513.000000 1.333304
514.000000 1.860480
515.000000 1.408936
516.000000 1.564992
517.000000 0.881240
518.000000 1.083456
519.000000 1.224640
520.000000 0.643752
521.000000 1.805760
522.000000 1.099160
523.000000 1.116288
524.000000 0.685496
525.000000 0.875520
526.000000 0.865336
527.000000 0.744192
528.000000 0.601920
529.000000 0.476864
530.000000 0.492480
531.000000 0.514368
532.000000 0.251712
533.000000 0.229824
534.000000 0.431936
535.000000 0.755136
537.000000 0.385992
538.000000 0.459648
539.000000 0.831744
540.000000 0.557776
541.000000 0.175104
542.000000 1.070360
543.000000 1.185296
544.000000 1.050808
545.000000 0.891112
546.000000 1.032944
547.000000 1.206832
548.000000 0.668672
549.000000 1.147872
550.000000 0.901024
551.000000 0.459648
552.000000 0.361152
553.000000 0.503424
554.000000 0.824784
555.000000 0.755768
556.000000 0.738056
557.000000 0.886040
558.000000 0.882912
559.000000 0.811912
560.000000 1.124352
561.000000 0.897408
562.000000 0.634752
563.000000 0.565336
564.000000 0.700416
565.000000 0.569088
566.000000 0.534936
568.000000 0.641488
569.000000 0.711360
570.000000 0.597256
571.000000 0.648760
572.000000 0.558144
573.000000 0.483912
574.000000 0.689472
575.000000 0.573424
576.000000 0.618648
577.000000 0.798624
578.000000 0.984632
579.000000 0.164160
580.000000 0.634752
581.000000 0.531928
582.000000 0.551792
583.000000 0.623456
584.000000 0.755136
585.000000 0.575768
586.000000 0.579112
587.000000 0.678528
589.000000 0.465240
590.000000 0.623808
591.000000 0.504064
592.000000 0.689472
593.000000 0.583568
594.000000 0.596360
595.000000 0.560136
596.000000 0.752184
597.000000 0.904672
598.000000 0.899160
599.000000 0.780112
600.000000 0.751640
601.000000 0.766080
602.000000 0.705968
603.000000 0.707216
604.000000 0.742576
605.000000 0.886464
606.000000 0.723672
608.000000 0.918632
609.000000 1.116288
610.000000 0.357344
611.000000 0.328320
612.000000 0.065664
647.000000 0.087552
1098.000000 0.000000
