0.000000 1.225056
1.000000 2.016008
2.000000 1.224408
3.000000 1.481128
4.000000 1.360272
5.000000 1.400160
6.000000 1.679064
7.000000 1.499216
8.000000 1.625016
9.000000 1.635232
10.000000 1.395344
11.000000 1.104360
12.000000 1.594816
13.000000 1.162016
15.000000 1.681392
16.000000 1.695704
17.000000 0.733632
18.000000 1.532960
19.000000 1.269816
20.000000 1.446576
21.000000 1.710192
22.000000 1.453488
23.000000 1.419528
24.000000 1.503408
25.000000 1.526480
26.000000 1.677680
27.000000 1.499560
28.000000 1.696616
29.000000 1.790968
30.000000 1.347984
31.000000 1.948208
32.000000 1.587752
33.000000 1.890928
34.000000 1.408408
35.000000 1.347464
36.000000 1.289936
38.000000 1.841968
39.000000 1.752432
40.000000 1.827560
41.000000 0.837176
42.000000 1.571760
43.000000 1.375248
44.000000 1.566072
45.000000 1.385688
46.000000 1.619184
47.000000 1.899520
48.000000 1.679800
49.000000 1.005856
51.000000 1.263752
52.000000 1.653856
53.000000 1.458152
54.000000 1.143072
55.000000 1.594984
56.000000 1.250288
57.000000 1.733344
58.000000 1.984360
59.000000 1.362936
60.000000 1.383360
61.000000 1.802456
62.000000 1.705024
63.000000 1.569760
64.000000 1.782584
65.000000 1.387832
66.000000 1.472528
67.000000 1.621448
68.000000 1.469880
70.000000 1.601008
71.000000 1.332368
72.000000 1.260328
73.000000 1.058352
74.000000 1.526408
75.000000 1.164224
76.000000 0.692824
77.000000 0.225264
78.000000 0.869968
79.000000 0.751896
80.000000 0.764384
81.000000 0.886832
82.000000 1.062128
83.000000 1.153256
84.000000 1.034600
85.000000 0.931136
86.000000 0.802448
87.000000 0.792288
89.000000 1.045392
90.000000 1.359592
91.000000 1.072104
92.000000 1.317104
93.000000 1.531424
94.000000 1.534544
95.000000 1.370536
96.000000 1.322408
97.000000 1.386568
98.000000 1.425136
99.000000 1.055696
100.000000 1.321216
101.000000 1.266640
102.000000 1.128496
103.000000 1.189832
104.000000 1.276080
105.000000 1.131616
106.000000 1.164368
108.000000 1.155104
113.000000 0.131072
115.000000 0.352632
116.000000 0.350208
117.000000 0.485936
118.000000 0.544288
119.000000 0.907856
120.000000 1.543920
121.000000 1.157664
122.000000 1.477296
123.000000 1.487544
124.000000 1.254416
125.000000 1.483944
126.000000 1.425448
127.000000 1.403352
128.000000 1.295608
129.000000 1.311824
130.000000 1.135456
131.000000 1.321504
132.000000 1.551328
133.000000 1.709720
134.000000 1.255920
135.000000 1.380136
137.000000 1.311104
138.000000 1.440432
139.000000 1.388640
140.000000 1.458072
141.000000 1.118944
142.000000 1.306256
143.000000 1.298168
144.000000 1.458752
145.000000 1.528776
146.000000 1.794064
147.000000 1.261416
148.000000 1.091912
149.000000 1.085528
150.000000 1.069488
151.000000 0.967576
152.000000 1.208768
153.000000 1.082960
154.000000 0.930952
155.000000 0.952976
156.000000 1.069000
157.000000 1.158336
158.000000 1.216664
159.000000 1.395408
160.000000 0.728600
161.000000 1.162864
162.000000 1.025064
163.000000 1.365464
164.000000 1.082520
165.000000 1.642672
166.000000 1.309832
168.000000 0.995944
169.000000 1.208328
170.000000 1.202136
171.000000 1.307328
172.000000 1.443408
173.000000 1.203736
174.000000 1.435952
175.000000 1.127016
176.000000 1.111504
177.000000 1.360336
178.000000 1.103712
179.000000 0.972472
180.000000 1.095536
181.000000 0.714928
182.000000 0.492480
183.000000 0.396592
184.000000 0.890096
185.000000 1.123648
186.000000 0.894808
187.000000 0.695000
188.000000 1.005208
189.000000 0.656408
190.000000 0.861424
191.000000 0.628712
193.000000 0.383880
194.000000 1.108040
197.000000 0.218880
198.000000 0.553808
199.000000 0.896328
200.000000 0.985544
201.000000 1.136768
202.000000 1.113688
203.000000 1.040832
204.000000 1.157320
205.000000 0.883216
206.000000 1.111240
207.000000 1.621368
208.000000 1.758664
209.000000 1.525752
210.000000 0.679392
212.000000 0.361152
213.000000 0.507624
214.000000 0.584504
215.000000 0.722160
216.000000 0.312944
217.000000 0.493408
218.000000 1.041080
219.000000 1.247176
220.000000 1.213112
221.000000 1.180024
222.000000 1.170360
223.000000 1.345688
224.000000 1.426960
225.000000 1.483872
226.000000 1.398472
227.000000 1.124720
229.000000 0.778856
230.000000 1.242376
231.000000 1.343288
232.000000 1.383544
233.000000 1.478040
234.000000 1.082352
235.000000 1.173624
236.000000 1.115240
237.000000 1.044648
238.000000 0.947112
239.000000 1.169992
240.000000 1.346696
241.000000 1.136640
242.000000 1.397376
243.000000 1.329608
244.000000 0.856120
245.000000 0.557104
246.000000 0.572440
247.000000 0.771448
248.000000 0.757224
249.000000 0.747832
250.000000 0.465160
251.000000 0.489496
252.000000 0.625256
253.000000 0.825072
254.000000 0.714472
255.000000 0.479536
256.000000 0.109440
257.000000 0.464560
258.000000 0.509000
259.000000 0.467312
260.000000 1.090128
261.000000 0.919528
262.000000 1.016592
263.000000 1.104824
264.000000 1.199336
265.000000 0.969224
266.000000 0.724568
267.000000 0.580656
269.000000 0.519744
270.000000 0.664032
271.000000 0.762336
272.000000 0.868288
273.000000 1.025776
274.000000 0.823328
275.000000 0.709344
276.000000 0.131328
277.000000 0.466808
278.000000 0.186048
281.000000 0.018128
282.000000 0.606800
284.000000 0.306432
285.000000 0.151208
286.000000 1.029808
287.000000 1.021288
288.000000 1.274920
289.000000 1.202752
290.000000 0.983480
291.000000 0.807384
292.000000 0.914280
293.000000 0.842504
294.000000 0.703176
295.000000 0.517088
296.000000 0.317376
297.000000 0.420320
298.000000 0.508856
299.000000 0.398664
300.000000 0.422096
301.000000 0.752104
302.000000 0.881352
303.000000 1.124184
304.000000 0.956064
305.000000 0.990968
306.000000 0.952456
307.000000 1.027376
308.000000 0.839920
309.000000 0.893664
311.000000 0.741848
312.000000 0.962952
313.000000 0.708400
314.000000 1.091216
315.000000 1.566104
316.000000 1.205744
317.000000 1.638216
318.000000 1.295896
319.000000 1.744864
320.000000 1.527752
321.000000 1.609600
322.000000 1.597304
323.000000 1.636824
324.000000 1.553992
326.000000 1.522320
327.000000 0.904344
328.000000 1.548696
329.000000 1.335992
330.000000 1.756288
331.000000 1.600880
332.000000 1.587760
333.000000 1.378336
334.000000 1.602008
335.000000 1.771264
336.000000 1.089368
337.000000 1.166952
339.000000 1.525320
340.000000 1.492096
341.000000 1.503336
342.000000 1.733808
343.000000 1.916424
344.000000 2.009312
345.000000 1.643456
346.000000 0.950368
347.000000 0.987000
348.000000 0.950096
349.000000 1.038256
350.000000 1.227128
351.000000 1.388288
352.000000 1.653952
353.000000 1.362688
354.000000 1.966624
355.000000 1.417256
356.000000 1.660888
357.000000 1.653880
358.000000 1.753704
359.000000 1.568496
360.000000 1.415832
361.000000 1.523008
363.000000 1.573728
364.000000 1.580568
365.000000 1.518576
366.000000 1.676072
367.000000 1.114264
368.000000 1.566024
369.000000 1.354880
370.000000 1.513448
371.000000 0.961808
372.000000 0.991488
373.000000 0.738952
374.000000 0.760992
375.000000 0.680736
376.000000 0.970040
377.000000 1.073864
378.000000 1.009632
379.000000 0.904376
380.000000 1.005632
381.000000 0.810408
382.000000 1.064104
383.000000 0.858704
384.000000 1.008976
385.000000 0.896136
386.000000 1.017712
388.000000 1.158264
389.000000 1.031144
390.000000 1.052816
391.000000 0.926376
392.000000 0.881424
393.000000 1.015848
394.000000 1.205888
395.000000 1.216152
396.000000 1.359760
397.000000 1.592080
398.000000 1.534360
399.000000 1.342784
400.000000 1.705136
401.000000 1.536496
402.000000 1.347464
403.000000 1.550416
404.000000 1.503288
405.000000 1.246880
406.000000 1.598248
407.000000 1.348608
408.000000 1.479824
409.000000 1.867240
410.000000 1.746976
411.000000 1.311464
412.000000 0.949712
413.000000 1.095680
414.000000 1.121536
416.000000 1.344352
417.000000 1.602480
418.000000 1.580832
419.000000 1.309944
420.000000 1.180432
421.000000 1.189536
422.000000 1.029920
423.000000 0.889984
424.000000 0.925888
425.000000 1.102304
426.000000 0.773920
427.000000 0.888648
428.000000 0.957136
429.000000 1.155016
430.000000 0.695416
431.000000 0.686240
432.000000 0.452664
433.000000 0.337232
434.000000 0.273600
435.000000 0.191696
436.000000 0.164160
438.000000 0.186048
439.000000 0.262448
440.000000 0.460840
441.000000 0.415872
442.000000 0.450728
443.000000 0.334608
444.000000 0.372096
445.000000 0.281008
446.000000 0.306432
447.000000 0.273600
448.000000 0.234376
449.000000 0.273600
452.000000 0.251712
453.000000 0.503424
454.000000 0.191616
455.000000 0.196992
457.000000 0.164160
458.000000 0.383040
459.000000 0.415272
460.000000 0.580008
462.000000 0.175104
463.000000 0.287896
464.000000 0.501032
465.000000 0.591464
466.000000 0.675104
467.000000 0.684904
468.000000 0.470368
469.000000 0.480856
470.000000 0.620488
471.000000 0.706720
472.000000 0.760352
473.000000 0.786440
474.000000 0.674048
475.000000 0.803896
476.000000 0.670632
477.000000 0.849448
478.000000 0.713320
479.000000 0.531608
480.000000 0.776808
481.000000 0.796408
482.000000 0.685472
483.000000 0.634920
484.000000 0.802440
485.000000 0.614608
486.000000 0.634880
487.000000 0.502584
488.000000 0.295488
489.000000 0.355416
491.000000 0.373520
492.000000 0.305440
493.000000 0.458336
494.000000 0.635344
495.000000 1.028272
496.000000 0.848320
497.000000 0.799888
498.000000 0.596376
499.000000 0.757592
500.000000 0.621152
501.000000 0.519296
502.000000 0.388776
503.000000 0.383040
504.000000 0.155984
505.000000 0.218880
506.000000 0.196992
507.000000 0.196400
508.000000 0.273600
509.000000 0.208344
510.000000 0.317376
511.000000 0.161664
512.000000 0.851672
513.000000 0.416240
514.000000 0.131328
515.000000 0.476184
516.000000 0.494312
517.000000 0.429696
518.000000 0.496528
519.000000 0.744056
520.000000 0.660592
521.000000 0.572128
522.000000 0.523680
523.000000 0.657680
524.000000 0.515632
525.000000 0.613712
526.000000 0.707568
527.000000 0.588552
528.000000 0.554840
530.000000 0.442168
531.000000 0.550224
532.000000 0.519016
533.000000 0.665608
534.000000 0.637728
535.000000 0.502256
536.000000 0.632400
537.000000 0.829616
538.000000 0.798664
539.000000 1.051144
540.000000 0.985992
541.000000 0.943704
542.000000 0.851144
543.000000 0.684792
544.000000 0.868168
545.000000 0.827712
547.000000 0.897248
548.000000 1.084504
549.000000 0.930880
550.000000 0.836800
551.000000 1.062248
552.000000 0.838904
553.000000 0.880376
554.000000 0.854872
555.000000 1.110928
556.000000 1.045712
557.000000 0.900816
558.000000 0.903112
559.000000 0.889600
560.000000 0.994816
561.000000 1.030904
562.000000 1.205528
563.000000 0.719360
564.000000 1.755176
565.000000 1.338264
566.000000 1.732120
567.000000 0.763216
568.000000 1.073624
569.000000 0.724776
571.000000 1.110208
572.000000 1.071824
573.000000 0.663176
574.000000 0.773176
575.000000 0.540200
576.000000 0.746136
577.000000 0.693424
578.000000 0.657648
579.000000 0.576320
580.000000 0.651824
581.000000 0.651936
582.000000 0.662304
583.000000 0.693272
584.000000 1.025608
585.000000 1.630816
586.000000 1.190712
587.000000 1.692488
588.000000 1.383992
589.000000 1.116320
590.000000 0.715992
591.000000 0.557672
592.000000 0.978952
593.000000 0.848520
594.000000 0.844912
595.000000 0.910064
596.000000 0.801672
598.000000 1.094032
599.000000 0.988464
600.000000 0.952208
601.000000 1.174424
602.000000 1.023976
603.000000 0.894320
604.000000 1.040456
605.000000 1.079456
606.000000 0.946896
607.000000 0.832896
608.000000 0.891312
609.000000 1.039368
610.000000 1.074520
611.000000 1.007792
612.000000 0.900616
613.000000 0.935256
615.000000 0.708872
616.000000 1.226880
617.000000 1.139864
618.000000 1.179368
619.000000 0.719720
620.000000 0.841912
621.000000 1.396168
622.000000 1.158152
623.000000 1.142824
624.000000 1.190608
625.000000 1.143088
626.000000 0.887336
627.000000 1.260000
628.000000 1.115760
629.000000 0.791968
630.000000 0.985928
631.000000 1.151696
632.000000 1.010248
633.000000 1.095864
635.000000 0.998440
636.000000 1.030392
637.000000 1.332880
638.000000 0.950768
639.000000 0.793576
640.000000 0.871192
641.000000 0.777024
642.000000 0.215280
643.000000 0.328320
644.000000 0.381224
645.000000 0.309904
646.000000 0.240768
647.000000 0.124512
648.000000 0.448704
649.000000 0.168608
650.000000 0.251712
651.000000 0.217600
652.000000 0.328320
654.000000 0.187664
655.000000 0.153216
656.000000 0.054720
657.000000 0.054720
658.000000 0.111864
659.000000 0.361152
660.000000 0.224896
661.000000 0.186048
662.000000 0.229824
663.000000 0.243776
664.000000 0.350208
665.000000 0.323672
666.000000 0.393688
667.000000 0.491488
668.000000 0.570728
669.000000 0.580032
670.000000 0.362144
671.000000 0.741488
672.000000 0.991432
673.000000 0.805632
675.000000 0.754104
676.000000 0.748328
677.000000 0.372096
678.000000 0.420752
679.000000 0.619504
680.000000 0.368304
681.000000 0.432256
682.000000 0.459376
683.000000 0.381112
684.000000 0.146920
685.000000 0.328320
686.000000 0.152784
689.000000 0.284544
690.000000 0.624832
691.000000 0.692968
692.000000 0.614832
693.000000 0.742808
694.000000 0.617624
695.000000 0.893544
696.000000 0.758624
697.000000 0.755368
698.000000 0.810808
699.000000 0.713472
700.000000 0.452384
701.000000 0.272864
702.000000 0.569592
704.000000 0.611864
705.000000 0.306432
706.000000 0.295488
707.000000 0.307696
708.000000 0.262656
709.000000 0.893248
710.000000 0.901056
711.000000 1.019024
712.000000 1.392800
713.000000 0.944320
714.000000 1.223832
715.000000 0.987248
716.000000 0.773072
718.000000 1.049864
719.000000 1.184424
720.000000 1.329208
721.000000 1.005384
722.000000 1.069616
723.000000 1.064616
724.000000 0.704192
725.000000 0.950776
726.000000 0.991504
727.000000 0.788936
728.000000 0.670528
729.000000 1.112648
730.000000 0.976000
731.000000 1.382616
732.000000 1.171080
733.000000 1.040712
734.000000 0.996424
735.000000 0.696880
736.000000 0.824360
737.000000 1.056400
738.000000 1.079528
739.000000 0.991352
740.000000 0.634744
741.000000 0.724064
742.000000 0.759328
743.000000 0.917824
744.000000 0.998992
745.000000 1.022960
746.000000 1.200280
747.000000 0.988704
748.000000 0.688112
749.000000 1.093640
750.000000 1.109200
751.000000 0.957792
753.000000 0.524488
754.000000 0.667920
755.000000 0.853376
756.000000 0.800728
757.000000 1.052480
758.000000 0.940744
759.000000 0.809224
760.000000 0.881952
761.000000 0.714888
762.000000 0.936664
763.000000 0.988128
764.000000 0.856936
765.000000 1.008144
766.000000 0.819104
767.000000 1.246224
768.000000 0.830984
769.000000 0.714368
770.000000 0.569896
771.000000 0.643728
772.000000 0.808984
773.000000 0.876800
774.000000 0.779408
775.000000 0.665688
776.000000 0.568152
777.000000 0.542848
778.000000 0.479704
779.000000 0.541656
780.000000 0.518096
782.000000 0.669296
783.000000 0.634752
784.000000 0.383288
785.000000 0.779552
786.000000 0.589032
787.000000 0.591208
788.000000 0.746392
789.000000 0.798912
790.000000 0.733456
791.000000 0.740504
792.000000 0.803576
793.000000 1.140832
794.000000 0.582472
795.000000 0.434528
796.000000 0.499968
797.000000 0.671072
798.000000 0.598104
799.000000 0.532128
800.000000 0.620864
801.000000 0.569088
802.000000 0.472128
803.000000 0.586224
804.000000 0.752088
805.000000 1.047640
806.000000 1.081024
808.000000 0.865792
809.000000 0.493344
810.000000 0.842152
811.000000 0.916928
812.000000 0.704952
813.000000 0.484088
814.000000 0.558512
815.000000 0.762216
816.000000 0.824872
817.000000 0.867520
818.000000 0.721672
819.000000 0.814536
820.000000 0.751024
821.000000 0.682648
822.000000 0.475936
823.000000 0.569904
824.000000 0.726232
825.000000 0.686520
826.000000 0.909512
827.000000 1.027592
828.000000 0.681952
829.000000 0.814688
831.000000 0.778480
832.000000 1.091912
833.000000 1.094976
834.000000 1.053104
835.000000 1.017128
836.000000 0.829040
837.000000 0.933496
838.000000 0.664576
839.000000 0.866200
840.000000 0.882904
841.000000 0.825704
843.000000 0.865424
844.000000 0.502096
845.000000 0.631656
846.000000 0.507552
847.000000 0.744064
848.000000 0.479408
849.000000 0.430224
850.000000 0.666160
851.000000 0.684864
852.000000 0.912512
853.000000 0.699640
854.000000 0.707048
855.000000 0.713080
856.000000 0.516392
857.000000 0.736048
858.000000 0.740408
859.000000 0.682312
860.000000 0.508608
861.000000 0.385600
862.000000 0.563648
864.000000 0.590368
865.000000 0.616888
866.000000 0.620848
867.000000 0.605336
868.000000 0.733112
869.000000 0.623808
870.000000 0.521032
871.000000 0.699528
872.000000 0.708136
873.000000 0.840752
874.000000 0.839800
875.000000 0.503424
876.000000 0.418144
877.000000 0.836088
878.000000 0.697928
879.000000 0.846856
880.000000 0.677824
881.000000 0.620720
882.000000 0.838056
883.000000 0.647584
884.000000 0.583016
885.000000 0.449368
886.000000 0.358408
887.000000 0.464944
888.000000 0.497000
889.000000 0.415080
891.000000 0.555448
892.000000 0.547256
893.000000 0.548544
894.000000 0.598184
895.000000 0.528968
896.000000 0.562376
897.000000 0.393480
898.000000 0.614808
899.000000 0.476560
900.000000 0.393984
901.000000 0.278952
902.000000 0.335520
903.000000 0.339264
904.000000 0.307072
905.000000 0.273208
906.000000 0.474608
907.000000 0.553576
908.000000 0.647568
909.000000 0.692120
910.000000 0.459672
911.000000 0.298784
912.000000 0.376920
913.000000 0.361152
914.000000 0.267624
915.000000 0.519232
916.000000 0.571480
917.000000 0.658552
918.000000 0.612856
919.000000 0.400840
921.000000 0.402344
922.000000 0.492824
923.000000 0.404928
924.000000 0.239136
925.000000 0.218880
926.000000 0.240768
927.000000 0.304208
928.000000 0.372096
929.000000 0.339264
930.000000 0.245752
931.000000 0.153216
932.000000 0.196992
934.000000 0.131072
935.000000 0.534808
936.000000 0.317376
937.000000 0.317440
938.000000 0.273600
939.000000 0.284544
940.000000 0.103800
941.000000 0.109440
942.000000 0.186048
943.000000 0.153216
944.000000 0.170544
945.000000 0.186048
946.000000 0.164160
948.000000 0.156064
949.000000 0.207936
950.000000 0.196992
951.000000 0.229824
952.000000 0.152688
953.000000 0.251712
954.000000 0.196992
955.000000 0.098496
956.000000 0.131328
957.000000 0.125544
958.000000 0.229824
959.000000 0.153216
960.000000 0.275712
961.000000 0.503424
962.000000 0.370080
963.000000 0.411624
964.000000 0.317376
965.000000 0.174328
966.000000 0.207936
968.000000 0.109440
969.000000 0.120384
970.000000 0.087552
971.000000 0.054720
972.000000 0.037192
973.000000 0.065664
974.000000 0.142272
975.000000 0.098496
976.000000 0.087552
977.000000 0.065664
978.000000 0.043776
979.000000 0.034224
981.000000 0.065664
982.000000 0.054720
983.000000 0.054720
984.000000 0.087552
985.000000 0.054720
986.000000 0.076608
987.000000 0.109440
988.000000 0.179048
989.000000 0.164160
990.000000 0.142272
991.000000 0.081328
992.000000 0.142272
994.000000 0.109440
995.000000 0.043776
996.000000 0.264128
997.000000 0.098496
998.000000 0.087552
999.000000 0.032832
1000.000000 0.467296
1001.000000 0.251712
1002.000000 0.094280
1004.000000 0.065664
1005.000000 0.043776
1006.000000 0.054720
1007.000000 0.054720
1008.000000 0.076608
1009.000000 0.087552
1011.000000 0.112112
1012.000000 0.585672
1013.000000 0.654136
1014.000000 1.159952
1015.000000 0.902312
1016.000000 0.577024
1017.000000 0.588232
1018.000000 0.476520
1019.000000 0.308872
1020.000000 0.323800
1021.000000 0.554152
1022.000000 0.428928
1023.000000 0.459264
1024.000000 0.450448
1025.000000 0.512904
1026.000000 0.508672
1027.000000 0.448704
1028.000000 0.335752
1029.000000 0.519576
1030.000000 0.610968
1031.000000 0.672632
1032.000000 0.905616
1033.000000 0.778712
1034.000000 0.993584
1036.000000 1.136872
1037.000000 1.135232
1038.000000 0.992720
1039.000000 0.809960
1040.000000 1.084880
1041.000000 1.186552
1042.000000 0.954664
1043.000000 0.900336
1044.000000 0.914856
1045.000000 0.906304
1046.000000 0.834072
1047.000000 0.837952
1048.000000 0.714376
1049.000000 0.368576
1050.000000 0.482424
1051.000000 0.812152
1052.000000 1.197000
1053.000000 0.847424
1054.000000 0.688112
1055.000000 0.818224
1056.000000 0.777024
1057.000000 0.316720
1058.000000 0.525312
1059.000000 0.428864
1060.000000 0.547200
1061.000000 0.281472
1062.000000 0.372096
1063.000000 0.539048
1064.000000 1.007760
1065.000000 0.656728
1066.000000 0.891968
1068.000000 0.639192
1069.000000 0.784512
1070.000000 0.699496
1071.000000 0.896328
1072.000000 1.324928
1073.000000 1.253688
1074.000000 1.122800
1075.000000 1.032304
1076.000000 0.834296
1077.000000 1.194496
1078.000000 1.058024
1079.000000 0.576152
1080.000000 0.196992
1081.000000 0.267552
1082.000000 0.262656
1083.000000 0.224552
1084.000000 0.240768
1085.000000 0.181304
1086.000000 0.775576
1087.000000 0.926432
1088.000000 0.878640
1089.000000 0.762384
1090.000000 0.607696
1091.000000 0.693432
1092.000000 0.798024
1093.000000 0.721744
1094.000000 0.694872
1095.000000 0.615424
1096.000000 0.931744
1098.000000 1.101568
1099.000000 1.146904
1100.000000 0.734016
1101.000000 0.923720
1102.000000 1.077288
1103.000000 1.324744
1104.000000 1.181960
1105.000000 1.517912
1106.000000 1.099280
1107.000000 1.676016
1108.000000 1.412448
1109.000000 1.320656
1110.000000 1.263144
1111.000000 0.903200
1112.000000 1.071256
1113.000000 1.185680
1114.000000 1.269384
1115.000000 1.258224
1116.000000 1.228848
1117.000000 1.199456
1118.000000 1.176208
1119.000000 1.280480
1120.000000 1.151848
1121.000000 0.992096
1122.000000 1.146128
1123.000000 0.920528
1125.000000 1.064848
1126.000000 0.975880
1127.000000 1.101200
1128.000000 1.111520
1129.000000 0.610184
1130.000000 0.898552
1131.000000 1.081800
1132.000000 0.764352
1133.000000 0.823424
1134.000000 0.982768
1135.000000 0.795048
1136.000000 0.864016
1137.000000 0.668104
1138.000000 0.665256
1139.000000 0.580032
1140.000000 0.472336
1141.000000 0.327952
1142.000000 0.514368
1143.000000 0.390616
1144.000000 0.536256
1145.000000 0.488864
1146.000000 1.021856
1147.000000 0.893160
1148.000000 0.859264
1149.000000 0.849704
1150.000000 0.969736
1151.000000 1.378240
1152.000000 0.696672
1153.000000 0.404928
1155.000000 0.369072
1156.000000 0.525312
1157.000000 0.244400
1158.000000 0.295488
1161.000000 0.215896
1162.000000 0.207936
1163.000000 0.273600
1166.000000 0.254712
1167.000000 0.196992
1168.000000 0.164160
1173.000000 0.120384
1176.000000 0.053472
1177.000000 0.383040
1178.000000 0.668368
1179.000000 0.405040
1180.000000 0.557728
1181.000000 0.424616
1182.000000 0.372096
1183.000000 0.176880
1197.000000 0.456240
1198.000000 0.990312
1199.000000 0.937656
1200.000000 0.973368
1201.000000 1.000552
1202.000000 1.110544
1203.000000 1.106904
1204.000000 1.127376
1206.000000 1.206920
1207.000000 1.344360
1208.000000 1.051224
1209.000000 1.319656
1210.000000 1.130968
1211.000000 0.883440
1212.000000 0.905848
1213.000000 0.486248
1214.000000 0.525160
1215.000000 1.052312
1216.000000 1.031248
1217.000000 1.015224
1218.000000 0.969624
1219.000000 0.860576
1220.000000 0.721384
1221.000000 0.861448
1222.000000 0.850176
1223.000000 0.986136
1224.000000 0.898080
1225.000000 0.801424
1227.000000 0.714320
1228.000000 1.346408
1229.000000 0.987240
1230.000000 1.072960
1231.000000 1.167368
1232.000000 1.253568
1233.000000 1.032960
1234.000000 1.418360
1235.000000 1.152392
1236.000000 1.515432
1237.000000 0.641296
1238.000000 0.936200
1239.000000 0.840016
1240.000000 1.319760
1241.000000 1.240800
1242.000000 1.019544
1243.000000 1.476000
1244.000000 1.033256
1245.000000 1.064200
1246.000000 0.951208
1247.000000 1.017168
1248.000000 1.079304
1250.000000 1.162264
1251.000000 1.382968
1252.000000 1.264712
1254.000000 1.181080
1255.000000 1.211800
1256.000000 1.139600
1257.000000 0.960344
1258.000000 1.153368
1259.000000 1.328008
1260.000000 1.054976
1261.000000 0.920488
1262.000000 1.157072
1263.000000 1.113944
1264.000000 1.030672
1265.000000 1.003544
1266.000000 1.093864
1267.000000 1.574032
1268.000000 1.064368
1269.000000 0.679128
1270.000000 0.960696
1271.000000 1.194952
1272.000000 0.723264
1273.000000 0.742832
1274.000000 0.827280
1276.000000 0.597760
1277.000000 1.187552
1278.000000 1.463800
1279.000000 1.169056
1280.000000 0.504344
1281.000000 0.845704
1282.000000 0.529832
1283.000000 0.674640
1284.000000 0.352016
1285.000000 0.744168
1286.000000 0.533280
1287.000000 0.869072
1288.000000 0.578056
1289.000000 0.928864
1290.000000 0.672960
1291.000000 0.989480
1292.000000 0.853040
1293.000000 0.786608
1294.000000 0.912424
1295.000000 0.845880
1297.000000 0.931536
1298.000000 0.884712
1299.000000 0.800256
1300.000000 0.359960
1301.000000 0.562912
1302.000000 0.558928
1303.000000 0.409144
1304.000000 0.885232
1305.000000 0.917168
1306.000000 0.956208
1307.000000 1.192224
1308.000000 1.146152
1309.000000 1.165488
1310.000000 1.142696
1311.000000 0.953720
1312.000000 1.146952
1313.000000 1.092152
1314.000000 1.023888
1315.000000 0.937672
1316.000000 0.996016
1317.000000 1.002064
1318.000000 1.021360
1319.000000 0.992752
1320.000000 0.927552
1321.000000 1.038072
1322.000000 1.069424
1323.000000 0.963528
1324.000000 1.069472
1326.000000 1.075976
1327.000000 0.971536
1328.000000 1.043504
1329.000000 0.997080
1330.000000 0.988608
1331.000000 1.110688
1332.000000 1.166192
1333.000000 0.815616
1334.000000 1.115472
1335.000000 1.130952
1336.000000 0.842712
1337.000000 1.217824
1338.000000 0.771280
1339.000000 1.228000
1340.000000 1.271288
1341.000000 1.061248
1342.000000 1.104880
1344.000000 1.071760
1345.000000 1.172896
1346.000000 0.733368
1347.000000 1.264360
1348.000000 1.217008
1349.000000 1.101152
1350.000000 0.611200
1351.000000 0.908592
1352.000000 0.941136
1353.000000 1.138568
1355.000000 1.145352
1356.000000 1.150888
1357.000000 0.811584
1358.000000 0.540200
1359.000000 0.989520
1362.000000 0.220624
1363.000000 0.284544
1364.000000 0.432488
1365.000000 0.508512
1366.000000 0.616352
1368.000000 0.639184
1369.000000 0.683008
1370.000000 0.719696
1371.000000 0.803080
1372.000000 0.874192
1372.000000 0.155848
