0.000000 0.009008
1.000000 0.964336
2.000000 1.753352
3.000000 1.487064
6.000000 0.218880
7.000000 0.317376
8.000000 0.551280
9.000000 0.623416
11.000000 1.004800
12.000000 0.922768
13.000000 1.336288
14.000000 1.197528
15.000000 1.190568
16.000000 1.371792
17.000000 1.426992
18.000000 1.476368
19.000000 1.026424
20.000000 0.777968
21.000000 0.836568
22.000000 0.736360
23.000000 0.408744
24.000000 0.252376
25.000000 0.448104
26.000000 0.227896
27.000000 0.218880
28.000000 0.259728
29.000000 0.478416
30.000000 0.560208
31.000000 0.448704
32.000000 0.364992
33.000000 0.295488
34.000000 0.551800
35.000000 0.844960
37.000000 0.541656
38.000000 0.196992
39.000000 0.153048
40.000000 0.142272
41.000000 0.098496
42.000000 0.356720
43.000000 0.383040
44.000000 0.700728
45.000000 0.922088
47.000000 0.666760
48.000000 0.558144
49.000000 0.388952
50.000000 0.380128
51.000000 0.514296
52.000000 0.621136
53.000000 0.493656
54.000000 0.491912
55.000000 0.454048
56.000000 0.326432
57.000000 0.606216
58.000000 0.495160
59.000000 0.316856
60.000000 0.428736
61.000000 0.426816
62.000000 0.475560
63.000000 0.427168
64.000000 0.240712
65.000000 0.240768
66.000000 0.419792
67.000000 0.659016
68.000000 0.609816
69.000000 0.248496
70.000000 0.458000
71.000000 0.771176
72.000000 0.903952
73.000000 0.825496
74.000000 0.784616
76.000000 0.776352
77.000000 0.818464
78.000000 0.661024
79.000000 0.711640
80.000000 0.689368
81.000000 0.733760
82.000000 0.816400
83.000000 0.650456
84.000000 0.328320
85.000000 0.151312
86.000000 0.743712
87.000000 1.002464
88.000000 0.756152
89.000000 0.776304
90.000000 0.936408
91.000000 0.793360
92.000000 0.510784
93.000000 0.840640
94.000000 1.092464
95.000000 0.849512
96.000000 1.220296
97.000000 1.072424
98.000000 0.536248
99.000000 0.870648
100.000000 1.186864
101.000000 0.938656
102.000000 0.999624
103.000000 1.007544
105.000000 1.207304
106.000000 1.073240
107.000000 1.280592
108.000000 1.569800
109.000000 1.287744
110.000000 0.795992
111.000000 0.764584
112.000000 0.718048
113.000000 1.071016
115.000000 1.124520
116.000000 0.839864
117.000000 0.570328
118.000000 0.420056
119.000000 0.787368
120.000000 0.664816
121.000000 0.626312
122.000000 0.452200
123.000000 1.052840
124.000000 1.235320
125.000000 1.032944
126.000000 1.080248
127.000000 1.089528
128.000000 0.832432
129.000000 0.794000
130.000000 1.267280
131.000000 0.951000
132.000000 1.092208
133.000000 0.947368
134.000000 1.092984
135.000000 0.707776
137.000000 0.700776
138.000000 0.824600
139.000000 0.869640
140.000000 0.582752
141.000000 0.629080
142.000000 0.568640
143.000000 0.448880
144.000000 0.713368
145.000000 0.812520
146.000000 0.777744
147.000000 0.835392
149.000000 0.554072
150.000000 0.837296
151.000000 0.848888
152.000000 0.864416
153.000000 1.016504
154.000000 1.017416
155.000000 0.902976
156.000000 0.638912
157.000000 0.386392
158.000000 0.306432
159.000000 0.854464
160.000000 0.937944
161.000000 0.939488
162.000000 0.985328
163.000000 0.985520
164.000000 1.142312
165.000000 1.100264
166.000000 0.799808
167.000000 0.879056
168.000000 0.660960
169.000000 0.824976
170.000000 0.603456
171.000000 0.443832
172.000000 0.850096
173.000000 0.973608
174.000000 0.870376
175.000000 0.578056
176.000000 0.674832
177.000000 0.459648
178.000000 0.287504
180.000000 0.339264
181.000000 0.554664
182.000000 0.695336
183.000000 0.749464
184.000000 0.795960
185.000000 0.644888
186.000000 0.816904
187.000000 0.908136
188.000000 0.921712
189.000000 0.994440
190.000000 0.893000
191.000000 0.916288
192.000000 0.916432
193.000000 0.867224
194.000000 0.534872
195.000000 0.874240
196.000000 0.883760
197.000000 0.915848
198.000000 0.879904
199.000000 0.889376
200.000000 0.622960
201.000000 1.004128
202.000000 0.980584
204.000000 0.872608
205.000000 1.017296
206.000000 1.062384
207.000000 1.125768
208.000000 1.114392
209.000000 1.204656
210.000000 1.174096
211.000000 1.151992
212.000000 1.057128
213.000000 0.882832
214.000000 0.591120
215.000000 0.378312
216.000000 0.548720
217.000000 0.525256
218.000000 0.416928
219.000000 0.596096
220.000000 0.454864
221.000000 0.354088
222.000000 0.496296
223.000000 0.268328
224.000000 0.860168
225.000000 0.778712
227.000000 0.680728
228.000000 0.393984
229.000000 0.290568
230.000000 0.810464
231.000000 1.135184
232.000000 1.085576
233.000000 0.879520
234.000000 1.162128
235.000000 1.447768
236.000000 1.108160
237.000000 1.439344
238.000000 1.067512
239.000000 1.151760
241.000000 1.053280
242.000000 0.826208
243.000000 0.787640
244.000000 1.056240
245.000000 1.005576
246.000000 0.895160
247.000000 1.097736
248.000000 1.553296
249.000000 1.162920
250.000000 1.056376
251.000000 1.051416
252.000000 1.075504
253.000000 0.999056
254.000000 1.033192
255.000000 1.192672
256.000000 0.848448
257.000000 0.913768
258.000000 0.734096
260.000000 0.784456
261.000000 0.638912
262.000000 0.399040
263.000000 1.107224
264.000000 1.058320
265.000000 0.987600
266.000000 0.997520
267.000000 0.899856
268.000000 0.707904
269.000000 0.907104
270.000000 1.100376
271.000000 0.984144
272.000000 0.715992
274.000000 0.350208
280.000000 0.131072
282.000000 0.095624
283.000000 0.973696
284.000000 1.192936
285.000000 1.109832
286.000000 0.939480
287.000000 1.368768
288.000000 1.380000
289.000000 1.097272
290.000000 0.893320
291.000000 0.891832
292.000000 0.865256
293.000000 0.655744
294.000000 0.587208
295.000000 0.513352
296.000000 0.506704
297.000000 0.643224
298.000000 0.996744
299.000000 0.714720
301.000000 0.882696
302.000000 1.017176
303.000000 0.740040
304.000000 1.207472
305.000000 0.981376
306.000000 1.166472
307.000000 1.063424
308.000000 1.032472
309.000000 0.981808
310.000000 0.792872
311.000000 0.635592
312.000000 0.321120
313.000000 0.371048
314.000000 0.499088
315.000000 0.383040
317.000000 0.021888
319.000000 0.589896
320.000000 0.549464
321.000000 0.545520
322.000000 0.520144
323.000000 1.266192
324.000000 1.354824
325.000000 1.373112
327.000000 1.299896
328.000000 1.465192
329.000000 1.408880
330.000000 1.178632
331.000000 1.712664
332.000000 1.273704
333.000000 0.934568
334.000000 0.750704
336.000000 0.054720
337.000000 0.087552
338.000000 0.635680
339.000000 0.475456
340.000000 0.609400
341.000000 0.435104
342.000000 0.784952
343.000000 1.087016
344.000000 1.304224
346.000000 1.462168
347.000000 1.552816
348.000000 1.261168
349.000000 1.629896
350.000000 1.350736
351.000000 1.205672
352.000000 1.111048
353.000000 1.310456
354.000000 1.186552
355.000000 1.346712
356.000000 1.163072
357.000000 1.275136
358.000000 1.381712
359.000000 1.296360
360.000000 1.100392
361.000000 1.165440
362.000000 0.716432
363.000000 0.331000
365.000000 0.218880
366.000000 0.761864
367.000000 1.211328
368.000000 1.373384
369.000000 1.446056
370.000000 1.116072
371.000000 0.908432
372.000000 0.835384
373.000000 0.837256
374.000000 0.676992
376.000000 0.542680
377.000000 0.501272
378.000000 0.561256
379.000000 0.588976
380.000000 0.563056
381.000000 0.618440
382.000000 0.393984
383.000000 0.281264
384.000000 0.324848
385.000000 0.404928
386.000000 0.524512
388.000000 0.558376
389.000000 0.374920
390.000000 0.372096
391.000000 0.127304
392.000000 1.181432
393.000000 1.307656
394.000000 1.136768
395.000000 1.084080
396.000000 1.096224
397.000000 0.795168
398.000000 0.923008
399.000000 1.143072
400.000000 1.198512
401.000000 0.574232
402.000000 0.795152
403.000000 0.889336
404.000000 0.799984
405.000000 0.526648
406.000000 0.418032
407.000000 0.490648
408.000000 0.240768
410.000000 0.240768
411.000000 0.204240
412.000000 0.580032
413.000000 0.463768
414.000000 0.312168
415.000000 0.387568
416.000000 0.415872
417.000000 0.289480
418.000000 0.277720
419.000000 0.273600
420.000000 0.179456
421.000000 0.229824
422.000000 0.225336
423.000000 0.339264
424.000000 0.229296
425.000000 0.229824
426.000000 0.183248
427.000000 0.240768
428.000000 0.177720
429.000000 0.265416
430.000000 0.109440
432.000000 0.109440
433.000000 0.120384
434.000000 0.080520
435.000000 0.295488
436.000000 0.184856
437.000000 0.131328
438.000000 0.087552
439.000000 0.076608
441.000000 0.043776
442.000000 0.087552
445.000000 0.070112
446.000000 0.076608
447.000000 0.032832
451.000000 0.032832
452.000000 0.284544
453.000000 0.071096
454.000000 0.229824
455.000000 0.175104
456.000000 0.146952
457.000000 0.218880
458.000000 0.186048
459.000000 0.104720
460.000000 0.120384
461.000000 0.021888
462.000000 0.361152
463.000000 0.065664
465.000000 0.076608
466.000000 0.117352
467.000000 0.437760
468.000000 0.295488
469.000000 0.213768
470.000000 0.317376
471.000000 0.303384
472.000000 0.350208
473.000000 0.184120
474.000000 0.142272
475.000000 0.153216
477.000000 0.098496
478.000000 0.126248
479.000000 0.164160
480.000000 0.207936
481.000000 0.152528
482.000000 0.284544
483.000000 0.225576
484.000000 0.499000
486.000000 0.738000
487.000000 0.600560
488.000000 0.538880
489.000000 0.618416
490.000000 0.492480
491.000000 0.261888
492.000000 0.369120
493.000000 0.643352
494.000000 0.722184
495.000000 0.339264
496.000000 0.210288
497.000000 0.229824
498.000000 0.147904
499.000000 0.207936
501.000000 0.231064
502.000000 0.433336
503.000000 0.539152
504.000000 0.654856
505.000000 0.629376
506.000000 1.189232
507.000000 0.959632
508.000000 0.770880
509.000000 0.935736
510.000000 1.060312
512.000000 1.483856
513.000000 1.538280
514.000000 1.581384
515.000000 1.214880
516.000000 1.142984
517.000000 1.031792
518.000000 0.884712
519.000000 1.069440
520.000000 0.880024
521.000000 1.144784
522.000000 1.008536
523.000000 1.186680
524.000000 1.493632
526.000000 1.574200
527.000000 1.350544
528.000000 1.464432
529.000000 1.287232
530.000000 1.149216
531.000000 1.235008
532.000000 1.198808
533.000000 1.115248
534.000000 0.968456
535.000000 1.037000
536.000000 1.096496
537.000000 1.076872
538.000000 1.142832
539.000000 1.017440
540.000000 1.549416
541.000000 1.309120
542.000000 1.121920
543.000000 1.271360
544.000000 1.492104
545.000000 1.487384
547.000000 1.274552
548.000000 1.413176
549.000000 1.300736
550.000000 1.347520
551.000000 1.251960
552.000000 1.124360
553.000000 1.398128
554.000000 1.158168
555.000000 0.886368
556.000000 0.995600
557.000000 1.129800
558.000000 1.118112
559.000000 0.949536
560.000000 0.971944
561.000000 0.988856
562.000000 1.034472
563.000000 1.145048
564.000000 1.025312
565.000000 1.342248
566.000000 1.142808
567.000000 1.294176
568.000000 0.816024
569.000000 1.329168
570.000000 0.858600
571.000000 1.030488
572.000000 1.214192
574.000000 1.252792
575.000000 1.434288
576.000000 1.346448
577.000000 1.423336
578.000000 1.329480
579.000000 1.624984
580.000000 1.463552
581.000000 1.291928
582.000000 0.545224
583.000000 0.330848
584.000000 0.284544
586.000000 0.385576
587.000000 1.041520
588.000000 1.340528
589.000000 1.294672
590.000000 1.164432
591.000000 1.224792
592.000000 1.023472
593.000000 1.046760
594.000000 1.144080
595.000000 1.059624
596.000000 1.140224
597.000000 1.281816
598.000000 1.261264
599.000000 0.797280
600.000000 1.101232
601.000000 0.976216
602.000000 1.022416
603.000000 1.388424
604.000000 1.529912
605.000000 1.167576
607.000000 1.162816
608.000000 1.092496
609.000000 0.964648
610.000000 1.018448
611.000000 0.737648
612.000000 1.178376
613.000000 1.017752
614.000000 1.029128
615.000000 0.597448
616.000000 0.459648
617.000000 0.360072
618.000000 0.249712
619.000000 0.207936
620.000000 0.196992
621.000000 0.343760
622.000000 0.684800
624.000000 1.036488
625.000000 1.105896
626.000000 0.824496
627.000000 1.222752
628.000000 1.008688
629.000000 0.794976
630.000000 0.846928
631.000000 1.185136
632.000000 1.270048
633.000000 1.213176
634.000000 0.809528
635.000000 1.102008
636.000000 0.841168
637.000000 1.068352
638.000000 0.962080
639.000000 1.042656
640.000000 0.452224
641.000000 0.566888
642.000000 0.435608
643.000000 0.730208
645.000000 0.752032
646.000000 0.834376
647.000000 0.689024
648.000000 0.519376
649.000000 0.404928
650.000000 0.098936
651.000000 0.284544
652.000000 0.435416
653.000000 0.550000
654.000000 0.970784
655.000000 1.118216
656.000000 1.088896
657.000000 1.130448
658.000000 1.075264
659.000000 1.449160
660.000000 1.438632
661.000000 1.196224
662.000000 0.906448
663.000000 0.910200
664.000000 0.963952
665.000000 1.057568
666.000000 0.908928
667.000000 1.333640
668.000000 0.952632
669.000000 1.185000
670.000000 0.926056
672.000000 0.744512
673.000000 1.003624
674.000000 0.938680
675.000000 0.839808
676.000000 0.951176
677.000000 0.880792
678.000000 0.842816
679.000000 0.989328
680.000000 1.038800
681.000000 0.821392
682.000000 0.542944
683.000000 0.704208
684.000000 0.644280
686.000000 0.445784
687.000000 0.592784
688.000000 0.903456
689.000000 0.881880
690.000000 0.586888
691.000000 0.673320
692.000000 0.604096
693.000000 0.766488
694.000000 0.413376
696.000000 0.435800
697.000000 0.207936
698.000000 0.328688
699.000000 0.328320
701.000000 0.235416
702.000000 0.570920
703.000000 0.714240
704.000000 0.956040
705.000000 0.945896
706.000000 1.040328
707.000000 0.909392
708.000000 0.877632
709.000000 1.175736
710.000000 1.117392
711.000000 1.069240
712.000000 1.062568
713.000000 1.066760
714.000000 1.072616
715.000000 1.083208
716.000000 1.237192
717.000000 1.061000
718.000000 1.251856
719.000000 1.229384
721.000000 1.225528
722.000000 1.348696
723.000000 1.318288
724.000000 0.918048
725.000000 1.300184
726.000000 1.262464
727.000000 1.325464
728.000000 1.262656
729.000000 1.433648
730.000000 1.515976
731.000000 1.005664
732.000000 1.438456
733.000000 1.304632
734.000000 1.025792
735.000000 1.295528
736.000000 1.318992
737.000000 1.412128
738.000000 1.529296
739.000000 1.394272
740.000000 1.262624
741.000000 1.367312
742.000000 1.140864
743.000000 1.384832
744.000000 1.252576
745.000000 1.381360
746.000000 1.314240
747.000000 1.352024
748.000000 1.324936
749.000000 1.267864
750.000000 1.016088
751.000000 1.408472
752.000000 1.378832
753.000000 0.951184
755.000000 1.154256
756.000000 0.650632
757.000000 1.176840
758.000000 1.174944
759.000000 1.088984
760.000000 0.829648
761.000000 1.033624
762.000000 1.015368
763.000000 0.769976
764.000000 1.028336
765.000000 0.728488
766.000000 1.014704
767.000000 0.875704
768.000000 0.816616
769.000000 0.969560
770.000000 1.040832
771.000000 1.099248
772.000000 1.137864
773.000000 1.140184
774.000000 1.339472
775.000000 1.285312
776.000000 1.277848
777.000000 1.377192
778.000000 0.893184
780.000000 1.338928
781.000000 1.400304
782.000000 1.294784
783.000000 1.007576
784.000000 1.252264
785.000000 1.300048
786.000000 1.220920
787.000000 1.324248
788.000000 1.193432
789.000000 1.076512
790.000000 0.996872
791.000000 1.129808
792.000000 1.229128
793.000000 0.898872
794.000000 1.096936
795.000000 0.997560
796.000000 1.069760
797.000000 0.918648
798.000000 0.755312
799.000000 0.831448
800.000000 1.081008
801.000000 1.063224
803.000000 1.004480
804.000000 0.941520
805.000000 0.960568
806.000000 1.278808
807.000000 1.136888
808.000000 0.647336
809.000000 1.169296
810.000000 1.254088
811.000000 1.155840
812.000000 1.246584
813.000000 1.037752
814.000000 1.020640
815.000000 0.681768
816.000000 1.000120
817.000000 1.018816
818.000000 0.868072
819.000000 0.952712
820.000000 1.171904
821.000000 1.119776
822.000000 1.369184
824.000000 1.198688
825.000000 1.105112
826.000000 1.356056
827.000000 1.226992
828.000000 1.028224
829.000000 0.986192
830.000000 1.228640
831.000000 1.250752
832.000000 1.201944
833.000000 1.310112
834.000000 1.210856
835.000000 1.182992
836.000000 1.337776
837.000000 1.099152
838.000000 1.073968
839.000000 1.228832
840.000000 1.367088
841.000000 1.167800
842.000000 0.997832
843.000000 1.224072
844.000000 1.315264
846.000000 1.782480
847.000000 1.199688
848.000000 1.280344
849.000000 1.309744
850.000000 1.020512
851.000000 1.184648
852.000000 1.100784
853.000000 1.083448
854.000000 1.176960
855.000000 1.169536
856.000000 1.239760
857.000000 1.198064
858.000000 1.097976
859.000000 0.936880
860.000000 0.924424
862.000000 1.080976
863.000000 1.406496
864.000000 0.918808
865.000000 1.028480
866.000000 1.019608
867.000000 1.096256
868.000000 1.222800
869.000000 1.047968
870.000000 1.010376
871.000000 0.794216
872.000000 0.824144
873.000000 1.239976
874.000000 1.205136
875.000000 0.720608
877.000000 1.136784
878.000000 0.820040
879.000000 0.287552
880.000000 0.777832
881.000000 0.793912
882.000000 0.702576
883.000000 0.778304
884.000000 0.535808
885.000000 0.385872
886.000000 0.413976
887.000000 0.535320
888.000000 0.601920
889.000000 0.280192
890.000000 0.797080
891.000000 0.475992
892.000000 0.408656
893.000000 0.625520
895.000000 0.799160
896.000000 0.306432
897.000000 0.481536
898.000000 0.241352
899.000000 0.207936
900.000000 0.251712
901.000000 0.339264
902.000000 0.208168
903.000000 0.547200
904.000000 0.297688
905.000000 0.711360
906.000000 0.525520
907.000000 0.339264
908.000000 0.226136
909.000000 0.284544
910.000000 0.251712
911.000000 0.205200
912.000000 0.426816
914.000000 0.149672
915.000000 0.317376
916.000000 0.276256
917.000000 0.503424
918.000000 0.352648
919.000000 0.325088
920.000000 0.361152
921.000000 0.361152
922.000000 0.259200
923.000000 0.342752
924.000000 0.437760
925.000000 0.236952
929.000000 0.273600
930.000000 0.317376
931.000000 0.138144
932.000000 0.328320
934.000000 0.237824
935.000000 0.240768
936.000000 0.251712
937.000000 0.143808
938.000000 0.262656
939.000000 0.273600
940.000000 0.159408
941.000000 0.262656
942.000000 0.164160
943.000000 0.152072
944.000000 0.404928
945.000000 0.184144
946.000000 0.240768
947.000000 0.172256
948.000000 0.262656
949.000000 0.175104
950.000000 0.098360
951.000000 0.142272
952.000000 0.522880
954.000000 0.622904
955.000000 0.636872
956.000000 0.701280
957.000000 0.763840
958.000000 1.005192
959.000000 1.222864
960.000000 0.664088
961.000000 0.830816
962.000000 0.671104
963.000000 0.766632
964.000000 0.637992
965.000000 0.517992
967.000000 0.540864
968.000000 0.561424
969.000000 0.595096
970.000000 0.257056
971.000000 0.285360
972.000000 0.207936
973.000000 0.131072
974.000000 0.824984
975.000000 0.249528
976.000000 0.054720
977.000000 0.098496
978.000000 0.557376
979.000000 0.383104
980.000000 0.526408
981.000000 0.652208
982.000000 0.583320
984.000000 0.058144
985.000000 1.000736
986.000000 0.714720
987.000000 0.359248
988.000000 0.423600
989.000000 0.536984
990.000000 0.419760
991.000000 0.372096
992.000000 0.412560
993.000000 0.211888
994.000000 0.262656
995.000000 0.251712
996.000000 0.304960
997.000000 0.568424
998.000000 0.787200
999.000000 0.587536
1000.000000 0.551960
1001.000000 0.372096
1002.000000 0.292480
1003.000000 0.472216
1004.000000 0.657704
1005.000000 0.487856
1006.000000 0.431720
1007.000000 0.306432
1008.000000 0.251712
1010.000000 0.241984
1011.000000 0.776656
1012.000000 0.753808
1014.000000 0.635784
1015.000000 0.689472
1016.000000 0.544944
1017.000000 0.474000
1018.000000 0.469168
1019.000000 0.682544
1020.000000 0.483856
1021.000000 0.355608
1022.000000 0.283304
1023.000000 0.404928
1024.000000 0.436984
1025.000000 0.533384
1026.000000 0.337824
1027.000000 0.286264
1028.000000 0.284544
1029.000000 0.209960
1030.000000 0.262656
1031.000000 0.185752
1032.000000 0.306432
1033.000000 0.276696
1034.000000 0.306432
1035.000000 0.182264
1036.000000 0.295488
1037.000000 0.244552
1038.000000 0.273600
1039.000000 0.229824
1040.000000 0.158400
1041.000000 0.120384
1042.000000 0.142272
1043.000000 0.109440
1044.000000 0.177664
1046.000000 0.487040
1047.000000 0.207936
1048.000000 0.109440
1049.000000 0.229824
1050.000000 0.119776
1051.000000 0.240768
1052.000000 0.196992
1053.000000 0.168184
1054.000000 0.175104
1056.000000 0.380080
1057.000000 0.284544
1058.000000 0.561560
1059.000000 0.372096
1061.000000 0.174968
1062.000000 0.882184
1063.000000 0.765192
1064.000000 0.817576
1065.000000 0.419040
1066.000000 0.207936
1067.000000 0.498320
1068.000000 0.142272
1069.000000 0.142272
1070.000000 0.196040
1072.000000 0.359216
1073.000000 0.877792
1074.000000 0.887944
1075.000000 0.886840
1076.000000 0.441928
1077.000000 0.432224
1078.000000 0.661472
1079.000000 0.495704
1080.000000 0.514112
1081.000000 0.436144
1082.000000 0.343024
1083.000000 0.440744
1084.000000 0.383704
1085.000000 0.238024
1086.000000 0.415872
1087.000000 0.377392
1088.000000 0.300008
1089.000000 0.447912
1090.000000 0.588280
1091.000000 0.952184
1092.000000 0.752744
1094.000000 0.927184
1095.000000 1.084896
1096.000000 0.963448
1097.000000 1.146016
1098.000000 1.098024
1099.000000 1.181904
1100.000000 1.229048
1101.000000 1.229440
1102.000000 1.284352
1103.000000 1.147504
1104.000000 0.487816
1105.000000 0.853976
1106.000000 1.156208
1107.000000 1.351096
1108.000000 1.081816
1109.000000 1.193640
1110.000000 1.392208
1111.000000 1.504488
1112.000000 1.039776
1114.000000 0.947104
1115.000000 0.957880
1116.000000 1.070232
1117.000000 1.015968
1118.000000 1.079976
1119.000000 1.121360
1120.000000 1.348784
1121.000000 1.184072
1122.000000 0.629000
1123.000000 0.651624
1124.000000 0.545120
1125.000000 0.718312
1126.000000 0.571200
1127.000000 0.579648
1129.000000 0.613144
1130.000000 0.607168
1131.000000 0.850120
1132.000000 0.977328
1133.000000 0.596024
1134.000000 0.730512
1135.000000 0.517552
1136.000000 0.677032
1137.000000 0.785648
1138.000000 0.624296
1139.000000 0.589184
1140.000000 0.875904
1141.000000 0.825232
1142.000000 0.630520
1143.000000 0.437760
1144.000000 0.496816
1145.000000 0.631792
1146.000000 0.682912
1148.000000 0.584632
1149.000000 0.713896
1150.000000 0.734312
1151.000000 0.735112
1152.000000 0.750696
1153.000000 0.588928
1154.000000 0.812184
1155.000000 0.870784
1156.000000 0.889480
1157.000000 0.730616
1158.000000 0.910648
1159.000000 0.811280
1160.000000 0.959544
1161.000000 0.994544
1162.000000 0.785392
1163.000000 1.049968
1164.000000 0.997952
1165.000000 1.025664
1166.000000 1.130024
1167.000000 0.861944
1168.000000 0.895600
1169.000000 1.022232
1170.000000 1.144744
1172.000000 1.169928
1173.000000 1.303040
1174.000000 1.330296
1175.000000 1.232240
1176.000000 0.780592
1177.000000 0.753320
1178.000000 0.921416
1179.000000 1.061928
1180.000000 1.090464
1181.000000 0.907976
1182.000000 1.153872
1183.000000 1.287584
1184.000000 1.170432
1185.000000 0.864600
1186.000000 0.928120
1187.000000 1.203280
1188.000000 1.146136
1189.000000 1.106848
1191.000000 1.101568
1192.000000 1.015576
1193.000000 0.898176
1194.000000 0.796352
1195.000000 0.811024
1196.000000 1.305944
1197.000000 1.050016
1198.000000 1.207152
1199.000000 0.846568
1200.000000 1.064072
1201.000000 1.128560
1202.000000 1.128168
1203.000000 1.186456
1204.000000 1.491248
1205.000000 0.920568
1206.000000 1.022864
1207.000000 1.283224
1208.000000 1.076240
1209.000000 1.127112
1210.000000 1.181616
1211.000000 1.360176
1212.000000 1.155680
1214.000000 0.913552
1215.000000 0.895024
1216.000000 0.385456
1217.000000 1.162792
1218.000000 0.948320
1219.000000 1.047632
1220.000000 1.051856
1221.000000 0.900688
1223.000000 0.997768
1224.000000 1.150168
1225.000000 0.866272
1226.000000 0.937792
1227.000000 0.920440
1228.000000 0.719376
1229.000000 0.469928
1230.000000 0.415872
1231.000000 0.328528
1232.000000 0.724928
1233.000000 1.038848
1234.000000 1.043400
1235.000000 1.194856
1236.000000 0.851304
1237.000000 1.150496
1238.000000 1.156696
1239.000000 0.871904
1240.000000 1.404896
1241.000000 0.860328
1243.000000 0.894992
1244.000000 0.896944
1245.000000 1.120408
1246.000000 1.363480
1247.000000 1.087632
1248.000000 1.281096
1249.000000 1.139928
1250.000000 1.150016
1251.000000 1.190280
1252.000000 1.202208
1253.000000 1.110696
1254.000000 0.651184
1255.000000 1.073792
1256.000000 1.241320
1257.000000 0.900200
1258.000000 1.227824
1259.000000 0.888480
1260.000000 1.239752
1261.000000 1.278696
1262.000000 1.204440
1263.000000 1.297768
1264.000000 1.109080
1265.000000 1.263976
1266.000000 1.175720
1267.000000 1.314816
1268.000000 1.315792
1269.000000 1.167016
1270.000000 1.045584
