0.000000 0.885792
2.000000 3.327968
3.000000 1.721896
4.000000 1.382160
5.000000 1.542432
6.000000 1.569624
7.000000 1.245288
8.000000 1.731008
9.000000 1.772224
10.000000 1.699848
11.000000 2.033520
12.000000 1.947056
13.000000 1.797600
14.000000 1.604312
16.000000 1.231344
17.000000 1.155584
18.000000 1.042832
19.000000 0.504184
20.000000 1.005264
21.000000 1.250616
22.000000 0.872776
23.000000 0.832352
24.000000 1.108800
25.000000 0.751168
26.000000 0.822200
27.000000 1.001224
28.000000 1.065432
29.000000 1.071840
30.000000 1.188032
31.000000 1.074384
32.000000 1.010368
34.000000 1.254712
35.000000 1.190384
36.000000 1.547768
37.000000 1.445016
38.000000 1.237032
39.000000 1.212880
40.000000 0.371616
41.000000 0.663200
42.000000 0.985976
43.000000 1.028016
44.000000 0.866152
45.000000 1.133632
46.000000 1.539120
47.000000 1.407656
48.000000 1.444328
49.000000 1.143872
50.000000 0.880960
51.000000 0.871344
52.000000 0.905192
53.000000 0.962536
54.000000 0.942264
55.000000 1.316944
56.000000 0.940344
57.000000 1.097792
58.000000 1.638808
59.000000 1.055720
60.000000 1.245944
62.000000 0.829256
63.000000 1.101088
64.000000 1.278952
65.000000 0.894696
66.000000 0.675704
67.000000 0.373336
68.000000 0.999560
69.000000 1.072440
70.000000 0.919032
71.000000 0.875688
72.000000 1.014136
73.000000 0.970920
74.000000 1.032944
75.000000 0.809144
76.000000 0.435264
77.000000 0.520440
78.000000 0.483840
79.000000 0.217264
80.000000 0.969104
81.000000 1.125008
83.000000 1.005720
84.000000 1.037488
85.000000 1.072880
86.000000 0.836144
87.000000 1.112704
88.000000 0.799272
89.000000 1.017672
90.000000 1.138936
91.000000 1.175832
92.000000 1.019976
93.000000 0.996640
94.000000 1.177304
95.000000 1.057496
96.000000 1.160872
98.000000 1.280288
99.000000 1.049336
100.000000 0.951752
101.000000 1.202624
102.000000 1.399624
103.000000 1.071056
104.000000 1.124056
105.000000 1.143632
106.000000 1.149680
107.000000 0.868712
108.000000 0.802280
109.000000 0.808856
111.000000 0.786752
112.000000 0.731448
113.000000 0.420192
114.000000 0.693648
115.000000 1.074048
116.000000 0.845224
117.000000 0.962664
118.000000 1.187752
119.000000 1.012120
120.000000 1.163024
121.000000 1.109664
122.000000 0.856968
123.000000 0.870640
124.000000 0.952456
125.000000 0.985512
126.000000 0.880600
127.000000 0.998848
128.000000 1.374536
129.000000 0.839680
130.000000 0.867040
131.000000 0.719624
132.000000 0.644312
133.000000 0.611584
135.000000 0.589192
136.000000 0.688552
137.000000 0.959624
138.000000 0.751008
139.000000 0.668064
140.000000 0.833136
141.000000 0.402688
142.000000 0.505656
143.000000 0.686688
144.000000 0.606320
145.000000 0.763168
146.000000 0.918800
147.000000 0.834360
148.000000 0.709560
149.000000 0.396776
150.000000 0.196992
151.000000 0.087552
152.000000 0.945976
154.000000 1.281264
155.000000 1.257720
156.000000 1.132504
157.000000 1.075120
158.000000 1.118080
159.000000 1.310216
160.000000 1.073512
161.000000 1.018128
162.000000 0.576784
163.000000 0.964336
164.000000 0.686312
165.000000 0.719776
166.000000 1.088112
167.000000 1.062176
168.000000 1.222736
169.000000 1.213576
170.000000 0.843376
171.000000 0.982720
172.000000 0.528744
173.000000 0.468360
174.000000 0.711416
176.000000 1.276272
177.000000 1.279200
178.000000 1.328936
179.000000 1.294824
180.000000 0.412904
181.000000 1.317200
182.000000 1.101176
183.000000 1.305536
184.000000 1.345768
185.000000 1.450800
186.000000 1.331272
187.000000 1.206360
188.000000 0.974808
189.000000 0.987952
190.000000 0.709328
191.000000 0.694656
192.000000 0.393304
193.000000 0.530448
194.000000 0.536048
196.000000 0.514368
197.000000 0.186032
198.000000 0.623328
199.000000 0.635464
200.000000 0.459648
201.000000 0.539032
202.000000 0.447000
203.000000 0.663848
204.000000 0.803072
205.000000 0.212992
206.000000 0.916256
207.000000 0.855304
208.000000 1.077080
209.000000 0.699968
210.000000 0.746992
211.000000 0.700200
213.000000 0.642240
214.000000 0.812896
215.000000 0.616304
216.000000 0.545448
217.000000 0.473336
218.000000 0.784408
219.000000 0.945816
220.000000 0.904904
221.000000 1.093488
222.000000 0.559096
223.000000 0.255176
224.000000 0.448704
225.000000 0.460672
226.000000 0.709656
227.000000 1.062336
228.000000 1.086448
229.000000 0.689504
230.000000 1.117192
231.000000 0.893320
232.000000 0.837112
233.000000 0.973800
234.000000 0.554376
235.000000 0.393984
236.000000 0.349192
237.000000 0.703696
238.000000 0.610392
239.000000 0.524160
240.000000 0.592968
241.000000 0.583392
242.000000 0.618904
243.000000 0.624944
244.000000 0.634136
245.000000 0.496664
246.000000 0.571696
247.000000 0.642192
248.000000 0.598112
249.000000 0.419520
250.000000 0.518080
251.000000 0.665008
253.000000 0.673088
254.000000 0.585368
255.000000 0.647728
256.000000 0.603624
257.000000 0.665344
258.000000 0.638744
259.000000 0.526152
260.000000 0.525312
261.000000 0.408672
262.000000 0.174056
263.000000 0.542864
264.000000 0.579944
265.000000 0.491488
266.000000 0.735512
267.000000 0.600240
268.000000 0.600512
269.000000 0.638624
270.000000 0.748664
271.000000 0.715600
272.000000 0.708272
274.000000 0.752392
275.000000 0.753464
276.000000 0.535488
277.000000 0.519456
278.000000 0.464200
279.000000 0.620400
280.000000 0.733760
281.000000 0.437760
282.000000 0.076608
283.000000 0.614712
284.000000 0.585808
285.000000 0.901944
286.000000 1.171872
287.000000 1.153320
288.000000 0.792296
289.000000 1.155632
290.000000 0.739040
291.000000 0.759960
292.000000 0.998120
293.000000 0.632992
294.000000 0.623896
295.000000 0.646064
296.000000 0.413576
297.000000 0.452520
298.000000 0.313600
299.000000 0.131328
300.000000 0.546512
301.000000 0.361288
302.000000 0.273600
303.000000 0.371536
304.000000 0.283872
306.000000 0.196992
307.000000 0.516856
308.000000 0.823224
309.000000 0.794400
310.000000 1.194344
311.000000 0.751328
312.000000 1.294336
313.000000 0.917232
314.000000 1.184072
315.000000 0.973216
317.000000 0.847288
318.000000 0.759048
319.000000 0.426816
322.000000 0.357840
323.000000 0.708808
324.000000 0.756584
326.000000 0.469392
327.000000 0.572904
328.000000 1.257512
329.000000 1.241640
330.000000 1.023784
331.000000 1.099776
332.000000 1.011920
333.000000 0.549880
334.000000 0.783752
335.000000 0.937728
336.000000 0.926944
337.000000 1.116512
338.000000 0.983920
340.000000 0.667368
341.000000 0.851624
342.000000 0.957856
343.000000 1.217312
344.000000 1.025664
345.000000 0.566936
346.000000 0.605032
347.000000 0.424816
348.000000 0.010944
349.000000 0.779960
350.000000 0.456256
352.000000 0.456368
353.000000 0.543728
354.000000 0.535456
355.000000 0.766312
356.000000 1.016592
357.000000 1.739576
358.000000 1.369648
359.000000 0.812120
360.000000 0.821424
361.000000 1.523040
362.000000 1.302304
363.000000 1.460448
364.000000 1.021392
365.000000 1.305736
366.000000 1.130104
367.000000 1.263128
368.000000 1.822120
370.000000 1.218224
371.000000 1.468960
373.000000 0.455160
374.000000 0.448176
375.000000 0.809672
376.000000 1.057296
377.000000 0.889464
378.000000 0.760824
379.000000 0.551880
380.000000 0.356432
381.000000 0.415872
382.000000 0.467560
383.000000 0.509256
384.000000 0.590976
385.000000 0.456600
386.000000 0.392056
388.000000 0.279464
389.000000 0.262656
390.000000 0.240768
391.000000 0.480848
392.000000 0.302184
393.000000 0.291064
394.000000 0.372096
395.000000 0.344016
396.000000 0.558144
397.000000 0.603184
398.000000 0.837296
399.000000 1.003104
400.000000 1.398368
401.000000 1.124272
402.000000 1.072224
403.000000 1.273288
404.000000 1.254896
405.000000 1.583496
406.000000 0.951424
408.000000 1.038168
409.000000 1.335712
410.000000 1.105800
411.000000 1.235096
412.000000 1.266432
413.000000 1.214880
414.000000 1.033544
415.000000 0.769136
416.000000 0.703896
417.000000 0.829784
418.000000 1.179784
419.000000 0.613192
420.000000 0.813952
421.000000 0.774184
422.000000 0.679288
423.000000 0.700480
424.000000 0.612864
425.000000 0.434144
426.000000 0.435680
427.000000 0.317376
430.000000 0.131072
431.000000 0.472976
432.000000 0.229824
452.000000 0.087552
454.000000 0.021888
455.000000 0.010944
457.000000 0.021888
478.000000 0.021888
479.000000 0.335400
480.000000 0.756352
481.000000 1.042896
482.000000 0.811872
483.000000 0.885080
484.000000 0.849624
485.000000 1.076376
486.000000 0.615528
487.000000 0.917552
488.000000 1.108376
490.000000 1.289416
491.000000 1.013496
492.000000 1.481152
493.000000 1.164424
494.000000 1.394544
495.000000 1.325912
496.000000 1.268688
497.000000 1.349736
498.000000 1.714832
499.000000 1.243080
500.000000 0.913832
501.000000 0.598480
502.000000 0.578000
503.000000 0.700560
504.000000 1.001400
505.000000 1.249064
506.000000 1.533016
507.000000 1.533080
508.000000 1.677768
509.000000 1.643056
510.000000 1.429728
511.000000 1.188176
513.000000 1.555384
514.000000 1.621848
515.000000 1.486840
516.000000 1.107656
517.000000 1.546352
518.000000 1.364576
519.000000 1.239704
520.000000 1.007568
521.000000 1.083256
522.000000 1.002072
523.000000 1.303328
524.000000 1.069152
525.000000 1.633152
526.000000 1.704960
527.000000 1.321232
528.000000 0.921416
529.000000 1.569952
530.000000 1.739376
531.000000 1.635928
532.000000 1.671488
533.000000 1.672992
534.000000 1.856440
536.000000 2.181944
537.000000 1.770904
538.000000 2.105992
539.000000 2.143800
540.000000 1.883688
541.000000 2.334120
542.000000 2.000080
543.000000 1.957552
544.000000 2.305024
545.000000 2.338272
546.000000 1.801496
547.000000 1.975328
548.000000 2.452280
549.000000 2.113552
551.000000 2.327008
552.000000 2.093384
553.000000 2.376120
554.000000 2.186704
555.000000 2.075840
556.000000 2.494320
557.000000 2.150056
558.000000 1.923360
559.000000 1.775752
560.000000 1.072192
561.000000 1.253368
562.000000 1.345640
563.000000 1.263120
564.000000 1.538056
566.000000 1.506000
567.000000 1.765392
568.000000 1.977832
569.000000 2.481520
570.000000 2.243856
571.000000 2.049968
572.000000 1.884448
573.000000 2.144232
574.000000 2.153056
575.000000 1.886440
576.000000 2.258688
577.000000 1.865920
578.000000 1.657040
579.000000 1.598584
581.000000 1.945104
582.000000 1.786352
583.000000 1.843320
584.000000 1.934056
585.000000 1.659808
586.000000 1.739456
587.000000 1.452472
588.000000 1.599232
589.000000 1.797968
590.000000 2.266832
591.000000 1.576920
592.000000 0.986112
593.000000 1.058048
594.000000 1.529784
595.000000 1.552256
597.000000 1.888352
598.000000 1.845840
599.000000 1.823456
600.000000 2.365592
601.000000 1.863384
602.000000 2.281496
603.000000 2.090976
604.000000 2.277296
605.000000 1.959808
606.000000 2.450808
607.000000 2.173176
608.000000 1.941024
609.000000 2.077608
611.000000 2.305576
612.000000 1.994728
613.000000 1.963944
614.000000 1.741344
615.000000 2.053616
616.000000 1.500000
617.000000 1.838752
618.000000 1.442424
619.000000 1.588208
620.000000 1.625656
621.000000 1.585640
622.000000 1.633216
623.000000 1.729728
624.000000 1.765416
625.000000 1.294352
627.000000 1.612168
628.000000 1.734936
629.000000 1.638696
630.000000 1.594416
631.000000 1.703184
632.000000 1.996344
633.000000 1.764936
634.000000 1.781152
635.000000 1.387400
636.000000 1.289528
637.000000 1.199616
638.000000 1.027736
639.000000 0.953912
641.000000 1.277984
642.000000 1.372144
643.000000 0.768824
644.000000 0.740040
645.000000 0.499288
646.000000 0.570936
647.000000 0.694384
648.000000 0.570312
649.000000 0.776672
650.000000 0.657016
651.000000 0.318440
652.000000 0.696112
653.000000 0.946104
654.000000 0.845544
655.000000 0.285576
656.000000 0.382976
657.000000 0.543760
658.000000 0.815872
659.000000 1.301912
660.000000 1.342080
661.000000 1.061712
663.000000 1.072184
664.000000 1.181304
665.000000 1.001264
666.000000 1.254232
667.000000 1.034264
668.000000 1.167664
669.000000 1.174176
670.000000 0.693512
671.000000 1.004928
672.000000 1.067864
673.000000 0.677392
674.000000 0.778512
675.000000 0.734240
676.000000 0.653936
677.000000 0.750664
678.000000 1.133952
679.000000 0.797880
680.000000 1.098536
681.000000 0.832320
683.000000 0.964720
684.000000 0.987408
685.000000 1.073104
686.000000 1.097896
687.000000 1.084040
688.000000 1.150016
689.000000 1.037544
690.000000 0.881376
691.000000 1.259512
692.000000 0.771872
693.000000 0.872848
694.000000 0.571528
695.000000 0.896408
696.000000 1.139440
697.000000 0.667072
698.000000 0.597776
699.000000 0.595968
700.000000 0.470976
701.000000 0.300880
703.000000 0.588496
704.000000 0.481536
705.000000 0.386616
706.000000 0.470152
707.000000 0.520664
708.000000 0.539008
709.000000 0.573312
710.000000 0.457712
711.000000 0.311920
712.000000 0.286048
713.000000 0.525312
714.000000 0.366664
715.000000 0.300160
716.000000 0.372096
717.000000 0.237136
718.000000 0.520472
719.000000 0.740696
720.000000 1.142928
721.000000 1.183408
722.000000 1.117248
723.000000 1.251392
724.000000 1.191544
725.000000 1.069080
726.000000 1.261504
727.000000 1.294984
728.000000 1.377368
730.000000 1.357128
731.000000 1.227384
732.000000 1.039576
733.000000 1.058256
734.000000 1.140672
735.000000 0.998600
736.000000 0.947512
737.000000 1.028784
738.000000 1.041440
739.000000 1.229432
740.000000 1.147544
741.000000 1.136080
742.000000 1.068952
743.000000 0.977912
744.000000 1.081944
745.000000 1.115528
746.000000 1.038256
747.000000 1.093576
748.000000 0.992304
749.000000 0.984424
751.000000 1.053512
752.000000 1.175568
753.000000 1.128528
754.000000 0.770584
755.000000 0.879048
756.000000 0.892888
757.000000 1.020960
758.000000 0.867880
759.000000 0.931536
760.000000 0.851936
761.000000 0.773888
762.000000 1.018776
763.000000 0.955136
764.000000 0.613672
765.000000 0.676560
766.000000 0.852760
767.000000 0.833024
768.000000 0.481088
769.000000 0.418704
770.000000 0.610968
771.000000 0.684184
772.000000 1.037848
773.000000 0.829928
774.000000 0.789680
775.000000 0.810104
777.000000 0.876104
778.000000 1.007080
779.000000 1.107544
780.000000 0.886672
781.000000 0.959384
782.000000 0.883728
783.000000 0.732360
784.000000 0.571528
785.000000 0.653408
786.000000 0.766080
787.000000 0.423360
788.000000 0.528800
789.000000 0.652824
790.000000 0.510240
791.000000 0.839744
792.000000 0.636288
793.000000 0.705464
794.000000 1.122480
795.000000 1.059000
796.000000 1.224824
797.000000 0.966056
798.000000 1.170032
799.000000 0.998512
800.000000 1.020712
801.000000 1.056776
802.000000 1.021312
803.000000 0.887016
804.000000 0.663504
805.000000 0.715968
806.000000 0.904808
808.000000 1.300392
809.000000 1.115192
810.000000 1.149512
811.000000 1.257568
812.000000 0.982120
813.000000 1.117744
814.000000 1.113800
815.000000 1.237248
816.000000 1.217112
817.000000 0.702928
818.000000 1.098112
819.000000 1.325976
820.000000 1.140864
821.000000 0.842968
822.000000 0.603392
823.000000 0.722304
824.000000 0.567136
825.000000 0.708264
826.000000 0.726432
827.000000 0.906096
828.000000 0.954112
829.000000 0.892800
830.000000 0.912512
831.000000 0.904704
832.000000 0.908632
833.000000 0.735272
835.000000 0.601624
836.000000 0.732560
837.000000 0.715144
838.000000 1.047424
839.000000 1.143072
840.000000 0.868600
842.000000 0.985416
843.000000 0.842552
844.000000 1.035400
845.000000 0.579144
846.000000 0.631528
847.000000 0.484704
848.000000 0.651536
849.000000 0.675640
850.000000 0.834016
851.000000 0.770424
852.000000 0.664720
853.000000 0.361528
854.000000 0.372096
855.000000 0.179272
856.000000 0.164160
857.000000 0.202400
858.000000 0.448704
859.000000 0.398816
860.000000 0.412784
861.000000 0.236136
862.000000 0.479664
863.000000 0.503424
864.000000 0.529072
865.000000 0.539904
866.000000 0.812408
867.000000 0.869096
868.000000 0.696928
869.000000 0.919352
870.000000 0.654248
871.000000 0.988616
872.000000 0.780752
874.000000 0.872488
875.000000 0.563496
876.000000 0.784224
877.000000 0.722552
878.000000 0.737264
879.000000 0.599224
880.000000 0.714008
881.000000 0.415896
882.000000 0.692768
883.000000 0.688320
884.000000 0.749056
885.000000 0.505816
886.000000 0.286056
887.000000 0.492880
888.000000 0.656632
889.000000 0.499488
890.000000 0.599184
891.000000 0.480248
892.000000 0.842688
893.000000 0.829520
894.000000 0.519352
895.000000 0.525312
896.000000 0.501720
897.000000 0.426880
898.000000 0.525312
899.000000 0.399288
900.000000 0.290928
901.000000 0.404928
902.000000 0.473288
903.000000 0.426440
904.000000 0.339264
905.000000 0.421032
906.000000 0.667584
907.000000 0.396096
909.000000 0.468576
910.000000 0.510120
911.000000 0.417032
912.000000 0.216944
913.000000 0.420232
914.000000 0.548592
915.000000 0.562088
916.000000 0.913072
917.000000 0.775200
918.000000 0.915816
919.000000 0.729880
920.000000 0.391480
921.000000 0.634640
922.000000 0.601920
923.000000 0.331104
924.000000 0.472712
925.000000 0.415872
926.000000 0.336256
927.000000 0.347464
928.000000 0.323304
930.000000 0.418312
931.000000 0.457064
932.000000 0.585048
933.000000 0.768192
934.000000 0.557760
935.000000 0.439504
936.000000 0.326856
937.000000 0.262656
938.000000 0.202240
939.000000 0.273600
940.000000 0.215368
941.000000 0.317376
942.000000 0.229824
943.000000 0.235032
944.000000 0.317376
945.000000 0.197032
946.000000 0.195056
947.000000 0.273600
948.000000 0.212984
949.000000 0.251712
950.000000 0.183312
951.000000 0.339264
952.000000 0.539440
953.000000 0.698920
954.000000 0.665264
956.000000 0.547200
957.000000 0.317864
958.000000 0.229824
959.000000 0.217088
960.000000 0.306432
961.000000 0.197376
962.000000 0.306432
963.000000 0.270272
964.000000 0.393984
965.000000 0.292304
966.000000 0.433528
967.000000 0.474928
968.000000 0.306432
969.000000 0.270640
970.000000 0.229824
971.000000 0.196992
972.000000 0.212320
973.000000 0.262656
974.000000 0.153216
976.000000 0.141192
977.000000 1.190168
978.000000 1.261488
979.000000 0.849192
980.000000 0.785920
981.000000 0.910680
982.000000 1.013056
983.000000 0.831240
984.000000 0.756024
985.000000 1.052920
986.000000 1.065672
987.000000 0.988336
988.000000 1.168432
989.000000 1.312624
990.000000 1.030784
991.000000 0.598848
992.000000 0.164160
994.000000 0.251712
995.000000 0.342056
996.000000 0.996816
997.000000 0.565544
998.000000 0.676720
999.000000 1.044120
1000.000000 0.992448
1001.000000 0.731576
1002.000000 1.211296
1003.000000 1.360920
1004.000000 1.087240
1005.000000 0.917152
1006.000000 0.736968
1007.000000 0.873552
1008.000000 0.595344
1009.000000 0.523064
1010.000000 0.627656
1011.000000 0.541728
1012.000000 0.589024
1013.000000 0.552096
1014.000000 0.629480
1016.000000 0.759888
1017.000000 0.543944
1018.000000 0.601368
1019.000000 0.747312
1020.000000 1.003152
1021.000000 0.766104
1022.000000 1.004728
1023.000000 1.028176
1024.000000 1.266520
1025.000000 0.877024
1026.000000 1.068736
1027.000000 0.807640
1028.000000 0.588448
1029.000000 0.331616
1030.000000 0.517440
1031.000000 0.581384
1032.000000 0.825928
1033.000000 0.725912
1034.000000 0.795472
1035.000000 0.703248
1037.000000 0.686648
1038.000000 0.642392
1039.000000 0.899784
1040.000000 1.261064
1041.000000 1.325808
1042.000000 1.182624
1043.000000 1.131744
1044.000000 1.287896
1045.000000 1.133024
1046.000000 1.268248
1047.000000 1.382672
1048.000000 0.941064
1049.000000 0.754688
1050.000000 1.217048
1051.000000 1.218712
1052.000000 1.065168
1053.000000 1.022992
1055.000000 1.561176
1056.000000 1.523984
1057.000000 1.576104
1058.000000 1.424072
1059.000000 1.578848
1060.000000 1.544800
1061.000000 1.228448
1062.000000 1.589264
1063.000000 1.518360
1065.000000 1.077368
1066.000000 0.870296
1067.000000 1.400792
1068.000000 1.641016
1069.000000 0.897040
1070.000000 1.284408
1071.000000 1.459616
1072.000000 0.882216
1073.000000 0.607552
1074.000000 0.736144
1075.000000 0.831280
1076.000000 0.857752
1077.000000 0.936664
1078.000000 1.306512
1079.000000 1.281096
1080.000000 1.271256
1082.000000 1.193792
1083.000000 1.083040
1084.000000 0.809432
1085.000000 0.902712
1086.000000 1.086096
1087.000000 0.822832
1088.000000 0.885200
1089.000000 0.781672
1090.000000 0.607120
1091.000000 0.665176
1092.000000 0.746288
1093.000000 0.656064
1094.000000 0.790560
1095.000000 1.009928
1096.000000 0.949288
1097.000000 0.709680
1098.000000 1.083056
1099.000000 0.568288
1100.000000 0.580216
1101.000000 0.682080
1102.000000 0.383040
1103.000000 0.350208
1104.000000 0.095472
1105.000000 0.426816
1107.000000 0.249208
1109.000000 0.459296
1110.000000 0.284544
1111.000000 0.158280
1112.000000 0.525160
1113.000000 0.590520
1114.000000 0.571232
1115.000000 0.855504
1116.000000 0.984056
1117.000000 0.338240
1118.000000 0.469168
1119.000000 0.380072
1120.000000 0.455648
1121.000000 0.436672
1122.000000 0.437760
1123.000000 0.405096
1124.000000 0.412528
1125.000000 0.317592
1126.000000 0.329904
1127.000000 0.240768
1128.000000 0.213840
1129.000000 0.186048
1130.000000 0.326472
1131.000000 0.317376
1132.000000 0.265680
1133.000000 0.263328
1134.000000 0.142272
1136.000000 0.142272
1137.000000 0.164160
1138.000000 0.160288
1139.000000 0.334704
1140.000000 0.445640
1141.000000 0.444040
1142.000000 0.328320
1143.000000 0.278024
1144.000000 0.558144
1145.000000 0.367712
1146.000000 0.336784
1147.000000 0.218880
1148.000000 0.229824
1149.000000 0.201752
1150.000000 0.240768
1151.000000 0.390856
1152.000000 0.539832
1153.000000 0.384944
1154.000000 0.629208
1155.000000 0.943648
1156.000000 0.554008
1157.000000 0.788872
1158.000000 0.686184
1159.000000 0.841616
1161.000000 0.511616
1162.000000 0.553224
1163.000000 0.514368
1164.000000 0.288736
1165.000000 0.216944
1166.000000 0.229824
1167.000000 0.153216
1168.000000 0.112496
1169.000000 0.350208
1170.000000 0.203384
1171.000000 0.240768
1172.000000 0.164160
1173.000000 0.114248
1174.000000 0.186048
1175.000000 0.229824
1187.000000 0.066816
1188.000000 0.840016
1189.000000 1.319760
1190.000000 1.065696
1191.000000 1.074264
1192.000000 0.963920
1193.000000 0.735592
1194.000000 1.061456
1195.000000 0.954760
1196.000000 1.170088
1197.000000 1.159440
1199.000000 1.046472
1200.000000 1.107544
1201.000000 1.098424
1202.000000 1.264712
1203.000000 1.170136
1204.000000 1.099840
1205.000000 0.746712
1206.000000 0.787792
1207.000000 1.006104
1208.000000 1.070112
1209.000000 1.233280
1210.000000 1.102480
1211.000000 1.126008
1212.000000 0.992824
1214.000000 1.117896
1215.000000 1.060824
1216.000000 0.729944
1217.000000 0.556064
1218.000000 0.537800
1219.000000 1.037776
1220.000000 1.272304
1221.000000 1.051224
1222.000000 0.905976
1223.000000 1.304392
1224.000000 0.920256
1225.000000 0.968192
1226.000000 1.298176
1227.000000 0.924896
1228.000000 1.166912
1229.000000 0.973464
1230.000000 0.876440
1232.000000 0.906160
1233.000000 0.947024
1234.000000 1.107128
1235.000000 1.075344
1236.000000 1.058280
1237.000000 1.071784
1238.000000 1.158368
1239.000000 1.082864
1240.000000 1.047336
1241.000000 1.077168
1242.000000 1.091216
1243.000000 0.915616
1244.000000 1.052120
1245.000000 1.086880
1246.000000 0.989960
1247.000000 1.128920
1248.000000 1.207296
1249.000000 1.112560
1250.000000 0.764712
1252.000000 1.060536
1253.000000 0.922784
1254.000000 1.241192
1255.000000 1.277168
1256.000000 1.302792
1257.000000 0.709024
