0.000000 0.063728
1.000000 0.362416
2.000000 0.525312
3.000000 1.392200
4.000000 1.870104
5.000000 0.934320
7.000000 0.776632
8.000000 1.373144
9.000000 0.893688
10.000000 0.975136
11.000000 0.797168
12.000000 1.415824
13.000000 1.036792
14.000000 1.520680
15.000000 1.339744
16.000000 0.774080
17.000000 0.860104
18.000000 0.734192
19.000000 0.814680
21.000000 0.915280
22.000000 0.613528
23.000000 0.413344
24.000000 0.544272
25.000000 0.576912
26.000000 0.582096
27.000000 0.551040
28.000000 0.525312
29.000000 0.398584
30.000000 0.395872
31.000000 0.350208
32.000000 0.230208
33.000000 0.251712
34.000000 0.180504
35.000000 0.251712
36.000000 0.196992
37.000000 0.273432
38.000000 0.958592
39.000000 1.130384
40.000000 1.082632
41.000000 1.195896
42.000000 1.212040
43.000000 1.018400
44.000000 1.036488
45.000000 1.096560
47.000000 0.669504
48.000000 1.023112
49.000000 0.579976
50.000000 0.583952
51.000000 0.462024
52.000000 0.489432
53.000000 0.445488
54.000000 0.687824
55.000000 0.614736
56.000000 0.753960
57.000000 0.361152
58.000000 0.333016
59.000000 0.240768
60.000000 0.204584
61.000000 0.612368
63.000000 0.590800
64.000000 0.632416
65.000000 0.836128
66.000000 0.788248
67.000000 0.350208
68.000000 0.404824
69.000000 0.668096
70.000000 0.415872
71.000000 0.247312
72.000000 0.153216
73.000000 0.065664
74.000000 0.229824
75.000000 0.431576
76.000000 0.916912
77.000000 1.155680
78.000000 0.723320
79.000000 1.082736
80.000000 0.640920
81.000000 0.683920
82.000000 0.751552
83.000000 1.015744
84.000000 0.917360
85.000000 0.794792
86.000000 0.891976
87.000000 0.968224
88.000000 0.728008
89.000000 0.415864
90.000000 0.695544
91.000000 0.958264
92.000000 0.849880
93.000000 0.820856
94.000000 0.638416
95.000000 0.821496
96.000000 1.207304
98.000000 1.073240
99.000000 0.655384
100.000000 0.393984
101.000000 0.285944
102.000000 0.902216
103.000000 1.024832
104.000000 0.939512
105.000000 0.732256
106.000000 0.921672
107.000000 0.725120
108.000000 0.700904
109.000000 0.621824
110.000000 0.615672
111.000000 0.508848
112.000000 0.434936
113.000000 0.242008
114.000000 0.142272
115.000000 0.244952
116.000000 0.317376
117.000000 0.240768
118.000000 0.218352
120.000000 0.317376
121.000000 0.328248
122.000000 0.292720
123.000000 0.317376
124.000000 0.218880
125.000000 0.232328
126.000000 0.397480
127.000000 0.459648
128.000000 0.303104
129.000000 0.333864
130.000000 0.548944
131.000000 0.664488
132.000000 0.558144
133.000000 0.518576
134.000000 0.579320
135.000000 0.435264
136.000000 0.284544
137.000000 0.323448
138.000000 0.273600
140.000000 0.232128
141.000000 0.426816
142.000000 0.514368
143.000000 0.551616
144.000000 0.698192
145.000000 0.590976
146.000000 0.371016
147.000000 0.415872
148.000000 0.273552
149.000000 0.372096
150.000000 0.282352
151.000000 0.448704
152.000000 0.591344
153.000000 0.410744
154.000000 0.459648
155.000000 0.315960
156.000000 0.383040
157.000000 0.346624
158.000000 0.306432
159.000000 0.346160
160.000000 0.420280
161.000000 0.953944
162.000000 0.576136
164.000000 0.582752
165.000000 0.574360
166.000000 0.656192
167.000000 0.711536
168.000000 0.713368
169.000000 0.526048
170.000000 0.823448
171.000000 0.802560
172.000000 0.554072
173.000000 0.443312
174.000000 0.601920
175.000000 0.509624
176.000000 0.451928
177.000000 0.697032
178.000000 0.841400
179.000000 0.864664
180.000000 0.672688
181.000000 0.726464
182.000000 0.561496
183.000000 0.415872
184.000000 0.295488
185.000000 0.203376
187.000000 0.109440
188.000000 0.164160
189.000000 0.399376
190.000000 0.598680
191.000000 0.781184
192.000000 0.647248
193.000000 0.583936
194.000000 0.413744
195.000000 0.900096
196.000000 0.584168
197.000000 0.835112
198.000000 0.589976
199.000000 0.961856
201.000000 1.140696
202.000000 0.726480
203.000000 0.898944
204.000000 0.815928
205.000000 0.685936
206.000000 0.210760
207.000000 0.423584
208.000000 0.957928
209.000000 1.143448
210.000000 1.446024
211.000000 1.010776
212.000000 1.020328
213.000000 0.929216
214.000000 0.992008
215.000000 0.897192
216.000000 0.932656
217.000000 1.213320
218.000000 0.901872
220.000000 1.052152
221.000000 1.201160
222.000000 1.157400
223.000000 1.321520
224.000000 1.415144
225.000000 1.357536
226.000000 1.062952
227.000000 1.376160
228.000000 0.975504
229.000000 1.269008
230.000000 1.346928
231.000000 1.004448
232.000000 1.193432
233.000000 1.137152
234.000000 1.260056
235.000000 1.156944
236.000000 1.258416
237.000000 1.264920
238.000000 1.084920
240.000000 1.019184
241.000000 0.937936
242.000000 0.924968
243.000000 0.550576
244.000000 0.847536
245.000000 0.790168
246.000000 0.972960
247.000000 0.770440
248.000000 0.908688
249.000000 0.899528
250.000000 0.605920
251.000000 0.726608
252.000000 0.654400
253.000000 0.463080
254.000000 0.534024
255.000000 0.439720
256.000000 0.468688
257.000000 0.486256
258.000000 0.678528
259.000000 0.396032
260.000000 0.616496
261.000000 0.640816
262.000000 0.568968
263.000000 0.234656
266.000000 0.306432
267.000000 0.774832
268.000000 0.582688
269.000000 0.946592
270.000000 0.929912
271.000000 0.881136
272.000000 0.977216
273.000000 1.083112
274.000000 1.441568
275.000000 1.093648
276.000000 1.053480
277.000000 1.231480
278.000000 1.007640
279.000000 0.714352
280.000000 0.856784
282.000000 0.469912
283.000000 0.663360
284.000000 0.644112
285.000000 0.426608
286.000000 0.667568
287.000000 0.618624
288.000000 0.738664
289.000000 0.646544
290.000000 0.459872
291.000000 0.795176
292.000000 0.742464
293.000000 0.784928
294.000000 0.792888
295.000000 0.740944
296.000000 0.659280
297.000000 0.822280
298.000000 0.637552
300.000000 0.886672
301.000000 0.885624
302.000000 0.922736
303.000000 0.996896
304.000000 0.904792
305.000000 0.737880
306.000000 0.949000
307.000000 0.753904
308.000000 0.865528
309.000000 0.901896
310.000000 0.965392
311.000000 0.601712
313.000000 0.927192
314.000000 0.789024
315.000000 0.746160
316.000000 0.383040
317.000000 0.362056
318.000000 0.666576
319.000000 0.631672
320.000000 0.585400
321.000000 0.493160
322.000000 0.535360
323.000000 0.729480
324.000000 0.383040
325.000000 0.403912
326.000000 0.747472
327.000000 0.774552
328.000000 0.666432
329.000000 0.486888
330.000000 0.892504
331.000000 0.614000
332.000000 0.579416
333.000000 0.693656
334.000000 0.710464
335.000000 0.740384
336.000000 0.769728
337.000000 0.614000
338.000000 0.512408
339.000000 0.696936
340.000000 0.793304
341.000000 0.691504
342.000000 0.546664
343.000000 0.721392
344.000000 0.617768
345.000000 0.690312
346.000000 0.571784
348.000000 0.470592
349.000000 0.457160
350.000000 0.555216
351.000000 0.626072
352.000000 0.479856
353.000000 0.511128
360.000000 0.009016
361.000000 0.682288
362.000000 0.785368
363.000000 0.273600
364.000000 0.175104
365.000000 0.190288
366.000000 0.251712
367.000000 0.350208
369.000000 0.182960
370.000000 0.175104
371.000000 0.415872
372.000000 0.403576
373.000000 0.283152
374.000000 0.260984
375.000000 0.295488
376.000000 0.272024
377.000000 0.251712
378.000000 0.175912
379.000000 0.186048
380.000000 0.158304
381.000000 0.131328
382.000000 0.218880
383.000000 0.245320
384.000000 0.872112
385.000000 0.711872
386.000000 0.514368
387.000000 0.100344
388.000000 0.320144
390.000000 0.462656
391.000000 0.459648
392.000000 0.409464
393.000000 0.536256
394.000000 0.340128
395.000000 0.361152
396.000000 0.372096
397.000000 0.321576
398.000000 0.437760
399.000000 0.354680
400.000000 0.328176
401.000000 0.372096
402.000000 0.302000
403.000000 0.383040
404.000000 0.307360
405.000000 0.383040
406.000000 0.234688
407.000000 0.324856
408.000000 0.372096
409.000000 0.336608
410.000000 0.374312
411.000000 0.443472
412.000000 0.506896
413.000000 0.602008
414.000000 0.657008
416.000000 0.625328
417.000000 0.620032
418.000000 0.568400
419.000000 0.602056
420.000000 0.579472
421.000000 0.612192
422.000000 0.637240
423.000000 0.656760
424.000000 0.687264
425.000000 0.131072
426.000000 0.975720
427.000000 0.641888
428.000000 0.610352
429.000000 0.673040
430.000000 0.674904
431.000000 0.734808
432.000000 0.649840
433.000000 0.676504
434.000000 0.677728
435.000000 0.661240
436.000000 0.759048
437.000000 0.664272
438.000000 0.478984
440.000000 0.476152
441.000000 0.543088
442.000000 0.578832
443.000000 0.317376
444.000000 0.076608
445.000000 0.157032
446.000000 0.295488
447.000000 0.259640
448.000000 0.415872
449.000000 0.538224
450.000000 0.620824
451.000000 0.434768
452.000000 0.272752
453.000000 0.269432
454.000000 0.317376
455.000000 0.339328
456.000000 0.425736
457.000000 0.477048
458.000000 0.273600
459.000000 0.234896
460.000000 0.361152
461.000000 0.210616
462.000000 0.175104
463.000000 0.153216
465.000000 0.109440
466.000000 0.095848
467.000000 0.153216
468.000000 0.392416
469.000000 0.702520
470.000000 0.563528
471.000000 0.587680
472.000000 0.446440
473.000000 0.590976
474.000000 0.440248
475.000000 0.458608
476.000000 0.484888
477.000000 0.488912
478.000000 0.567080
479.000000 0.801000
480.000000 0.441400
481.000000 0.612864
482.000000 0.399496
483.000000 0.489496
484.000000 0.209384
485.000000 0.383040
486.000000 0.334744
487.000000 0.326168
488.000000 0.328320
489.000000 0.254824
490.000000 0.306432
491.000000 0.282544
492.000000 0.333232
494.000000 0.389928
495.000000 0.436448
496.000000 0.467312
497.000000 0.532784
498.000000 0.481536
499.000000 0.404128
500.000000 0.437992
501.000000 0.440584
502.000000 0.499400
503.000000 0.640256
504.000000 0.639672
506.000000 0.652136
507.000000 0.655520
508.000000 0.587304
509.000000 0.549464
511.000000 0.262656
512.000000 0.821424
513.000000 1.096224
514.000000 1.114896
515.000000 0.964432
516.000000 0.369136
517.000000 0.412784
518.000000 0.404928
519.000000 0.366768
520.000000 0.479520
521.000000 0.937400
522.000000 0.821920
523.000000 0.874584
524.000000 1.141672
525.000000 0.611032
526.000000 0.273600
527.000000 0.131072
528.000000 0.631312
529.000000 0.929152
530.000000 0.628336
531.000000 0.727240
532.000000 0.894936
533.000000 0.739176
534.000000 0.610064
535.000000 0.683904
536.000000 1.151840
537.000000 1.021408
538.000000 1.754232
539.000000 1.545888
541.000000 1.163312
542.000000 1.173280
543.000000 1.196288
544.000000 1.157296
545.000000 1.134432
546.000000 1.190432
547.000000 0.560496
548.000000 0.273600
549.000000 0.279232
550.000000 0.417112
551.000000 0.608440
552.000000 0.714256
553.000000 0.698632
554.000000 0.618432
555.000000 0.195424
556.000000 0.665488
557.000000 0.609424
559.000000 0.470648
560.000000 0.492480
561.000000 0.322120
562.000000 0.410424
563.000000 0.426816
564.000000 0.311640
565.000000 0.383040
566.000000 0.310912
567.000000 0.359936
568.000000 0.492480
569.000000 0.318880
570.000000 0.312560
571.000000 0.443032
572.000000 0.426816
573.000000 0.181184
574.000000 0.229824
575.000000 0.246480
576.000000 0.404928
577.000000 0.336840
578.000000 0.336808
579.000000 0.273600
580.000000 0.153216
587.000000 0.012264
588.000000 0.030896
589.000000 0.910336
590.000000 1.228648
591.000000 1.119344
592.000000 0.983208
593.000000 1.080384
595.000000 0.880024
596.000000 1.195064
597.000000 1.308464
598.000000 1.110072
599.000000 0.904736
600.000000 0.906272
601.000000 1.048888
602.000000 1.216000
603.000000 1.077744
604.000000 1.114904
605.000000 1.232664
606.000000 0.999768
607.000000 1.018712
608.000000 1.108376
609.000000 1.062136
610.000000 1.042024
611.000000 0.944560
612.000000 1.019888
613.000000 0.669352
614.000000 0.440352
615.000000 0.514016
616.000000 0.661648
617.000000 0.485456
618.000000 0.466320
619.000000 0.569088
620.000000 0.339376
621.000000 0.290744
622.000000 0.317376
623.000000 0.251712
625.000000 0.148128
626.000000 0.569088
627.000000 0.307360
628.000000 0.284544
629.000000 0.254408
630.000000 0.262656
631.000000 0.320312
632.000000 0.372096
633.000000 0.256344
634.000000 0.262656
635.000000 0.261816
636.000000 0.195056
638.000000 0.087552
639.000000 0.240768
640.000000 0.171712
642.000000 0.164160
643.000000 0.340896
644.000000 0.164160
645.000000 0.311912
646.000000 0.361152
648.000000 0.171664
649.000000 0.229824
650.000000 0.131328
651.000000 0.133768
653.000000 0.043776
654.000000 0.437760
655.000000 0.148744
656.000000 0.328320
657.000000 0.219024
658.000000 0.383040
659.000000 0.403360
660.000000 0.652760
661.000000 0.625256
662.000000 0.470592
663.000000 0.472824
664.000000 0.766080
665.000000 0.589600
666.000000 0.570008
667.000000 0.619072
668.000000 0.756424
669.000000 0.663424
670.000000 0.679392
672.000000 0.207936
673.000000 0.379472
674.000000 0.383040
675.000000 0.201152
676.000000 0.076608
677.000000 0.267544
678.000000 0.472712
679.000000 0.393984
680.000000 0.337048
681.000000 0.840184
682.000000 0.823000
683.000000 0.538824
684.000000 0.729816
685.000000 0.705672
686.000000 0.654048
687.000000 0.700968
688.000000 0.500800
689.000000 0.301064
690.000000 0.262656
691.000000 0.173424
692.000000 0.218880
693.000000 0.282960
695.000000 0.350208
696.000000 0.237144
697.000000 0.440360
698.000000 0.529584
699.000000 0.607784
700.000000 0.702072
701.000000 0.795048
702.000000 1.299008
703.000000 1.291192
704.000000 1.319448
705.000000 1.018784
706.000000 0.512344
707.000000 1.030488
708.000000 0.863856
709.000000 0.825992
710.000000 1.149232
711.000000 1.412400
712.000000 1.216752
713.000000 0.649768
714.000000 0.865464
716.000000 0.477104
717.000000 0.733912
718.000000 0.265704
719.000000 0.441680
720.000000 0.448704
721.000000 0.597064
722.000000 0.919680
723.000000 0.955008
724.000000 1.114848
725.000000 1.362120
726.000000 1.274576
727.000000 1.063696
728.000000 0.786696
729.000000 1.107960
730.000000 1.045984
731.000000 1.082520
732.000000 1.089136
733.000000 1.169784
734.000000 1.638904
735.000000 1.606576
736.000000 1.473816
737.000000 1.677808
738.000000 1.444112
739.000000 0.826704
740.000000 1.302632
742.000000 1.398704
743.000000 1.361392
744.000000 1.483776
745.000000 1.426776
746.000000 1.446840
747.000000 1.761248
748.000000 1.708784
749.000000 1.637520
750.000000 1.763400
752.000000 1.765064
753.000000 1.888432
754.000000 1.538872
755.000000 1.899840
756.000000 1.672672
757.000000 1.602480
758.000000 1.580832
759.000000 1.450120
760.000000 1.517632
761.000000 1.596832
762.000000 1.002400
763.000000 1.252744
765.000000 1.221048
766.000000 1.162248
767.000000 1.329672
768.000000 1.269960
769.000000 1.379672
770.000000 1.294800
771.000000 1.633872
772.000000 1.567744
773.000000 1.509448
774.000000 1.772304
775.000000 1.347560
776.000000 1.360008
777.000000 1.374720
778.000000 1.642176
779.000000 1.591816
780.000000 1.277536
781.000000 1.212560
783.000000 0.947480
784.000000 1.507552
785.000000 1.386056
786.000000 1.460824
787.000000 1.006136
788.000000 1.231368
789.000000 1.225008
790.000000 1.508392
791.000000 1.235560
792.000000 1.527384
793.000000 1.408720
794.000000 1.425304
795.000000 1.637512
796.000000 1.717568
797.000000 1.966840
798.000000 1.106752
799.000000 1.425024
800.000000 1.701896
801.000000 1.886496
803.000000 1.678912
804.000000 1.934400
805.000000 1.651024
806.000000 1.444040
807.000000 1.446240
808.000000 1.745920
809.000000 1.411616
810.000000 1.846584
811.000000 1.564424
812.000000 1.594040
813.000000 1.421336
814.000000 0.976136
815.000000 1.607264
816.000000 1.836128
818.000000 1.465768
819.000000 1.501496
820.000000 1.406840
821.000000 1.168120
822.000000 1.362528
823.000000 1.543456
824.000000 1.584016
825.000000 1.591264
826.000000 1.236264
827.000000 1.141960
828.000000 1.447296
829.000000 1.574832
830.000000 1.617008
831.000000 1.692464
832.000000 1.185752
833.000000 0.949000
834.000000 1.149280
836.000000 0.972392
837.000000 0.809296
838.000000 1.210952
839.000000 1.287360
840.000000 0.989152
841.000000 0.770024
842.000000 0.968208
843.000000 1.175944
844.000000 0.979848
845.000000 0.790192
846.000000 1.079752
847.000000 1.441472
848.000000 1.010352
849.000000 1.185848
850.000000 1.481376
851.000000 1.596584
852.000000 1.331168
853.000000 1.451096
854.000000 1.251344
855.000000 1.566952
856.000000 1.753992
857.000000 1.666696
859.000000 1.217312
860.000000 1.475576
861.000000 1.309056
862.000000 1.338928
863.000000 1.400304
864.000000 1.502720
865.000000 1.246200
866.000000 1.326880
867.000000 1.090216
868.000000 1.237544
869.000000 1.270944
870.000000 1.389360
871.000000 1.077544
872.000000 1.047120
873.000000 1.223416
874.000000 1.233632
875.000000 1.255440
876.000000 1.445336
877.000000 0.917936
878.000000 0.917936
880.000000 0.793576
881.000000 0.904024
882.000000 0.981360
883.000000 0.698600
884.000000 0.616336
885.000000 0.566720
886.000000 0.932504
887.000000 0.471088
888.000000 0.553216
889.000000 0.404928
890.000000 0.131072
894.000000 0.057984
895.000000 0.273600
896.000000 0.356504
897.000000 0.535960
898.000000 0.525312
899.000000 0.119392
901.000000 0.505064
902.000000 0.602912
903.000000 1.208488
904.000000 0.984080
905.000000 0.783744
906.000000 0.743160
907.000000 0.617000
908.000000 0.650576
909.000000 0.514368
911.000000 0.313072
931.000000 0.324528
932.000000 0.196992
933.000000 0.486976
934.000000 0.501224
935.000000 0.551848
936.000000 0.579600
937.000000 0.635776
938.000000 0.466112
939.000000 0.677528
940.000000 0.731864
941.000000 0.781784
942.000000 0.827680
943.000000 0.616552
944.000000 0.755368
945.000000 0.745144
946.000000 0.779136
947.000000 0.715040
948.000000 0.678296
949.000000 0.732248
951.000000 0.601920
952.000000 0.131072
953.000000 0.526832
954.000000 0.667584
955.000000 0.526728
956.000000 0.475464
957.000000 0.595968
958.000000 0.689856
959.000000 0.486928
960.000000 0.369616
961.000000 0.561720
962.000000 0.470152
963.000000 0.623808
964.000000 0.520664
965.000000 0.582784
966.000000 0.593264
967.000000 0.619856
968.000000 0.705928
969.000000 0.683200
970.000000 0.718672
971.000000 0.706520
972.000000 0.806360
973.000000 0.584784
974.000000 0.855896
976.000000 0.719408
977.000000 0.812904
978.000000 0.812000
979.000000 0.590064
980.000000 0.865768
981.000000 0.699408
982.000000 0.752712
983.000000 0.624768
984.000000 0.523656
985.000000 0.696704
986.000000 0.859328
987.000000 0.802584
988.000000 1.078392
989.000000 0.958920
990.000000 0.995280
991.000000 0.819984
992.000000 0.961096
993.000000 0.987456
994.000000 0.816472
996.000000 0.608936
997.000000 0.849080
998.000000 0.864568
999.000000 0.810432
1000.000000 0.585408
1001.000000 0.754648
1002.000000 0.776040
1003.000000 0.626896
1004.000000 0.868568
1005.000000 0.638704
1006.000000 0.781632
1007.000000 0.682424
1008.000000 0.732184
1010.000000 0.716488
1011.000000 0.912960
1012.000000 0.649552
1013.000000 0.268320
1014.000000 0.831744
1015.000000 0.524488
1016.000000 0.613200
1017.000000 0.623552
1018.000000 0.652272
1020.000000 0.367336
1021.000000 0.565944
1022.000000 0.694472
1023.000000 0.678088
1024.000000 0.708872
1025.000000 0.691328
1026.000000 0.547192
1027.000000 0.688496
1028.000000 0.783272
1029.000000 0.583376
1030.000000 0.777376
1031.000000 0.497368
1032.000000 0.643760
1033.000000 0.613720
1034.000000 0.611608
1035.000000 0.620672
1036.000000 0.625552
1037.000000 0.633992
1038.000000 0.681536
1039.000000 0.657448
1040.000000 0.596920
1041.000000 0.418904
1042.000000 0.557272
1043.000000 0.460928
1044.000000 0.459200
1045.000000 0.484368
1046.000000 0.479640
1047.000000 0.459648
1048.000000 0.349272
1050.000000 0.400576
1051.000000 0.525312
1052.000000 0.446872
1053.000000 0.432216
1054.000000 0.463376
1055.000000 0.525312
1056.000000 0.319088
1057.000000 0.415872
1058.000000 0.383288
1059.000000 0.536256
1060.000000 0.449288
1061.000000 0.569088
1062.000000 0.525544
1063.000000 0.514368
1064.000000 0.363352
1065.000000 0.437760
1066.000000 0.328528
1067.000000 0.404928
1068.000000 0.226136
1069.000000 0.350208
1070.000000 0.361152
1071.000000 0.216144
1072.000000 0.273600
1073.000000 0.270056
1074.000000 0.943840
1076.000000 0.841896
1077.000000 1.200384
1078.000000 0.579704
1079.000000 1.057440
1080.000000 0.697472
1081.000000 0.373632
1082.000000 0.662832
1083.000000 1.038536
1084.000000 0.597168
1085.000000 0.755000
1086.000000 0.687040
1087.000000 0.743288
1088.000000 0.702536
1089.000000 0.547528
1090.000000 0.972312
1091.000000 0.622152
1092.000000 0.410456
1093.000000 0.451256
1094.000000 0.613232
1095.000000 0.740328
1097.000000 0.551272
1098.000000 0.644216
1099.000000 0.376520
1100.000000 0.269728
1101.000000 0.240768
1102.000000 0.178344
1103.000000 0.142272
1104.000000 0.120384
1105.000000 0.109440
1106.000000 0.102120
1107.000000 0.131328
1108.000000 0.196992
1109.000000 0.165216
1110.000000 0.309984
1111.000000 0.372096
1112.000000 0.331600
1113.000000 0.332440
1114.000000 0.464992
1116.000000 0.372912
1117.000000 0.331160
1118.000000 0.295488
1119.000000 0.263744
1120.000000 0.358968
1121.000000 0.491712
1122.000000 0.525376
1123.000000 0.668680
1124.000000 0.477104
1125.000000 0.583472
1126.000000 0.441032
1127.000000 0.519200
1128.000000 0.528672
1129.000000 0.413968
1130.000000 0.565872
1131.000000 0.526040
1132.000000 0.551088
1133.000000 0.664272
1134.000000 0.551152
1135.000000 0.458176
1136.000000 0.458832
1137.000000 0.492480
1138.000000 0.156392
1139.000000 0.464864
1140.000000 0.525744
1141.000000 0.326384
1142.000000 0.300248
1144.000000 0.470592
1145.000000 0.204928
1146.000000 0.295488
1147.000000 0.187672
1148.000000 0.915736
1149.000000 0.617768
1150.000000 0.614336
1151.000000 0.765456
1152.000000 1.026248
1153.000000 0.812048
1154.000000 0.982704
1155.000000 1.052608
1156.000000 0.783360
1157.000000 0.869976
1158.000000 0.523296
1159.000000 0.631880
1160.000000 0.589536
1161.000000 0.461368
1162.000000 0.428840
1163.000000 0.371800
1164.000000 0.408024
1165.000000 0.437760
1166.000000 0.324536
1167.000000 0.496264
1168.000000 0.585216
1170.000000 0.659200
1171.000000 0.771584
1172.000000 0.371488
1173.000000 0.605944
1174.000000 0.489520
1175.000000 0.572504
1176.000000 0.678392
1177.000000 0.805576
1178.000000 0.760144
1179.000000 0.669408
1180.000000 0.867744
1181.000000 0.881360
1182.000000 0.927352
1183.000000 0.888736
1184.000000 0.625288
1185.000000 0.814400
1186.000000 0.968480
1187.000000 0.625552
1188.000000 0.673896
1189.000000 0.523440
1190.000000 0.419632
1192.000000 0.353192
1193.000000 0.394648
1194.000000 0.380296
1195.000000 0.372096
1196.000000 0.169456
1197.000000 0.240768
1198.000000 0.223400
1199.000000 0.372096
1200.000000 0.360360
1201.000000 0.380344
1202.000000 0.437760
1203.000000 0.218936
1204.000000 0.284544
1205.000000 0.165504
1207.000000 0.437760
1208.000000 0.280808
1209.000000 0.299144
1210.000000 0.415872
1211.000000 0.266888
1212.000000 0.229824
1213.000000 0.163656
1214.000000 0.196992
1215.000000 0.131072
1216.000000 0.571288
1217.000000 0.487504
1218.000000 0.421224
1219.000000 0.510624
1220.000000 0.471232
1221.000000 0.306040
1222.000000 0.376112
1223.000000 0.415872
1224.000000 0.236200
1225.000000 0.308304
1226.000000 0.404928
1227.000000 0.276248
1228.000000 0.262656
1229.000000 0.164184
1230.000000 0.196992
1232.000000 0.211232
1233.000000 0.262656
1234.000000 0.175104
1235.000000 0.168984
1236.000000 0.218880
1237.000000 0.120384
1238.000000 0.048744
1239.000000 0.153216
1240.000000 0.218880
1241.000000 0.267520
1242.000000 0.265048
1243.000000 0.415872
1244.000000 0.297000
1245.000000 0.667984
1246.000000 0.481528
1247.000000 0.433824
1248.000000 0.325584
1249.000000 0.372440
1250.000000 0.392352
1251.000000 0.503424
1252.000000 0.435536
1253.000000 0.891448
1254.000000 0.853632
1256.000000 0.567384
1257.000000 0.404992
1258.000000 0.240768
1259.000000 0.142272
1260.000000 0.169464
1262.000000 0.120384
1263.000000 0.455088
1264.000000 0.240768
1265.000000 0.287392
1266.000000 0.262656
1267.000000 0.404928
1268.000000 0.491800
1269.000000 0.377408
1270.000000 0.437760
1271.000000 0.330432
1273.000000 0.339264
1274.000000 0.424800
1275.000000 0.356904
1276.000000 0.580032
1277.000000 0.546424
1278.000000 0.518728
1279.000000 0.636144
1280.000000 0.599640
1281.000000 0.625280
1282.000000 0.675232
1283.000000 0.750920
1284.000000 0.515104
1285.000000 0.390616
1286.000000 0.380536
1287.000000 1.170896
1288.000000 0.891368
1289.000000 1.143368
1290.000000 1.010696
1291.000000 0.926248
1292.000000 0.614592
1293.000000 0.658384
1294.000000 0.813640
1295.000000 0.751624
1296.000000 0.650904
1297.000000 0.317376
1298.000000 0.216984
1299.000000 0.481536
1300.000000 0.344312
1301.000000 0.358416
1302.000000 0.372096
1303.000000 0.637936
1304.000000 0.652824
1305.000000 0.820800
1306.000000 0.797608
1307.000000 1.051008
1308.000000 0.847120
1309.000000 0.963176
1311.000000 1.150544
1312.000000 1.219384
1313.000000 1.218384
1314.000000 1.212208
1315.000000 1.147072
1316.000000 1.201432
1317.000000 1.444104
1318.000000 1.014208
1319.000000 1.113536
1320.000000 1.123704
1321.000000 1.232704
1322.000000 1.465872
1323.000000 1.523264
1325.000000 1.269224
1326.000000 1.157432
1327.000000 1.081648
1328.000000 1.033176
1329.000000 1.144744
1331.000000 1.169928
1332.000000 1.209688
1333.000000 0.872248
1334.000000 0.868776
1335.000000 0.619376
1336.000000 0.767664
1337.000000 0.735384
1338.000000 0.560544
1339.000000 0.687224
1340.000000 0.529160
1341.000000 0.415872
1342.000000 0.379552
1343.000000 0.490496
1344.000000 0.589024
1345.000000 0.366048
1346.000000 0.530984
1347.000000 0.520568
1348.000000 0.348608
1349.000000 0.361152
1350.000000 0.150112
1351.000000 0.787416
1352.000000 0.988080
1353.000000 0.768160
1354.000000 0.780984
1355.000000 1.098024
1356.000000 1.023664
1357.000000 0.784984
1358.000000 0.976792
1359.000000 0.724384
1360.000000 0.802168
1362.000000 0.816616
1363.000000 0.827168
1364.000000 0.789320
1365.000000 0.749320
1366.000000 0.901016
1367.000000 0.893968
1368.000000 0.908360
1369.000000 0.915992
1370.000000 1.184328
1371.000000 0.878024
1372.000000 0.865904
1373.000000 1.128168
1374.000000 1.105336
1375.000000 1.047056
1376.000000 0.956712
1377.000000 0.970704
1378.000000 0.771152
1379.000000 0.965848
1381.000000 0.769808
1382.000000 0.830776
1383.000000 0.865424
1384.000000 0.820464
1385.000000 0.921448
1386.000000 0.923224
1387.000000 1.043280
1388.000000 0.727504
1389.000000 1.070128
1390.000000 0.797480
1391.000000 0.783600
1392.000000 0.893600
1393.000000 0.894416
1394.000000 1.051856
1395.000000 1.064848
1396.000000 1.063432
1397.000000 1.024592
1398.000000 1.220960
1400.000000 0.878952
1401.000000 1.020840
1402.000000 1.137720
1403.000000 1.075136
1404.000000 1.049792
1405.000000 0.955848
1406.000000 1.216744
1407.000000 1.312696
1408.000000 1.444240
1409.000000 1.025368
1410.000000 0.854080
1411.000000 1.278128
1412.000000 0.853696
1413.000000 0.444296
1414.000000 0.813976
1415.000000 0.685192
1416.000000 0.835560
1418.000000 1.108024
1419.000000 1.102320
1420.000000 0.974664
1421.000000 1.119288
1422.000000 0.732784
1423.000000 0.919408
1424.000000 0.916680
1425.000000 1.027104
1426.000000 0.851400
1427.000000 0.604560
1428.000000 0.875008
1429.000000 0.549744
1430.000000 0.392720
1431.000000 0.562792
1433.000000 0.891664
1434.000000 0.676120
1435.000000 0.682496
1436.000000 0.687024
1437.000000 0.834336
1438.000000 0.823880
1439.000000 0.741352
1440.000000 0.843776
1441.000000 0.722904
1442.000000 1.078888
1443.000000 1.236856
1444.000000 0.930768
1445.000000 1.124728
1446.000000 0.661352
1447.000000 0.820648
1448.000000 0.570776
1449.000000 0.855504
1451.000000 0.710456
1452.000000 0.905904
1453.000000 1.003880
1454.000000 0.629664
1455.000000 0.722472
1456.000000 0.565960
1457.000000 0.548784
1458.000000 0.421776
1460.000000 0.920472
1461.000000 1.003648
1462.000000 1.075832
1463.000000 1.028496
1464.000000 1.043760
1465.000000 1.128864
1466.000000 1.045160
1467.000000 1.069432
1468.000000 1.035544
1469.000000 0.854536
1470.000000 1.079096
1471.000000 0.971264
1473.000000 1.343448
1474.000000 1.224232
1475.000000 1.034696
1476.000000 0.840016
1477.000000 0.689472
1478.000000 0.459456
1479.000000 0.702480
1480.000000 0.763872
1482.000000 0.844288
1483.000000 0.460648
1484.000000 0.741904
1485.000000 0.726936
1486.000000 0.649528
1487.000000 0.433864
1488.000000 0.768664
1489.000000 0.699496
1490.000000 0.759312
1491.000000 0.739392
1492.000000 0.677216
1493.000000 0.642816
1494.000000 0.713600
1495.000000 1.036840
1496.000000 0.949768
1497.000000 1.143192
1498.000000 1.196880
1499.000000 1.306280
1500.000000 1.168280
1501.000000 1.186200
1502.000000 1.174792
1503.000000 1.241024
1504.000000 1.029928
1505.000000 1.332176
1507.000000 1.237008
1508.000000 1.287936
1509.000000 1.310608
1510.000000 1.301976
1511.000000 1.640232
1511.000000 0.142272
