0.000000 0.677856
1.000000 2.517120
2.000000 1.602896
3.000000 1.269112
4.000000 1.239888
5.000000 1.191224
6.000000 1.432920
7.000000 1.246624
8.000000 1.326376
10.000000 0.995368
11.000000 1.051168
12.000000 1.147792
13.000000 1.381776
14.000000 1.434544
15.000000 1.353704
16.000000 1.088944
17.000000 1.117168
18.000000 0.746096
19.000000 0.825400
20.000000 0.801184
21.000000 0.607320
22.000000 0.426648
23.000000 0.306432
24.000000 0.258224
25.000000 0.328320
26.000000 0.481488
27.000000 0.569448
28.000000 0.298280
30.000000 0.526072
31.000000 0.306432
32.000000 0.392400
33.000000 0.739160
34.000000 0.741280
35.000000 0.262584
36.000000 0.402256
37.000000 0.393984
38.000000 0.438368
39.000000 0.421216
40.000000 0.523424
42.000000 0.350208
43.000000 0.310728
44.000000 0.196992
45.000000 0.571248
46.000000 0.964992
47.000000 0.826120
48.000000 0.813720
49.000000 0.615240
50.000000 1.003800
51.000000 0.761216
52.000000 0.724176
53.000000 0.950952
54.000000 0.792664
55.000000 0.937336
56.000000 0.973840
57.000000 0.702464
58.000000 0.996184
59.000000 0.908248
60.000000 0.788480
61.000000 0.864936
62.000000 1.180048
64.000000 0.783104
65.000000 0.514368
66.000000 0.239344
67.000000 0.737864
68.000000 0.841864
69.000000 0.831248
70.000000 0.819840
71.000000 0.653056
72.000000 0.610816
73.000000 0.567152
74.000000 0.196992
76.000000 0.533176
77.000000 0.535216
78.000000 0.497992
79.000000 0.795056
80.000000 0.589040
81.000000 0.607624
82.000000 0.284536
83.000000 0.541696
84.000000 0.722936
85.000000 0.531448
86.000000 0.423656
87.000000 0.842096
88.000000 0.623864
89.000000 0.572752
90.000000 0.207936
91.000000 0.216296
92.000000 0.430096
93.000000 0.449088
94.000000 0.683544
95.000000 0.552288
96.000000 0.847336
97.000000 0.963216
98.000000 1.110152
99.000000 1.057664
100.000000 0.972344
101.000000 0.688480
102.000000 0.737560
103.000000 0.413936
104.000000 0.287360
105.000000 0.711848
106.000000 0.775040
107.000000 0.577320
108.000000 0.719480
110.000000 0.738672
111.000000 0.710832
112.000000 0.700344
113.000000 0.763312
114.000000 0.440264
115.000000 0.638248
116.000000 0.576704
117.000000 0.585576
118.000000 0.362896
119.000000 0.262656
120.000000 0.182952
121.000000 0.393728
122.000000 0.792432
123.000000 0.677816
125.000000 0.824376
126.000000 0.746496
127.000000 0.676912
128.000000 0.143888
129.000000 0.464064
130.000000 0.676304
131.000000 0.765000
132.000000 0.787920
133.000000 0.862384
134.000000 0.864944
135.000000 0.629624
136.000000 0.458232
137.000000 1.047040
138.000000 0.919656
139.000000 0.952008
140.000000 1.149880
141.000000 1.121112
142.000000 1.085640
143.000000 0.974752
144.000000 0.637400
145.000000 0.583680
146.000000 0.448240
147.000000 0.477928
148.000000 0.662192
149.000000 1.144376
151.000000 0.744032
152.000000 0.714696
153.000000 0.783432
154.000000 0.524848
155.000000 0.153216
157.000000 0.131072
158.000000 1.545496
159.000000 1.434496
160.000000 1.226648
161.000000 1.227280
162.000000 1.230192
163.000000 1.229864
164.000000 1.107712
165.000000 1.093184
167.000000 1.064088
168.000000 0.547200
169.000000 0.760848
170.000000 1.122360
171.000000 0.874808
172.000000 0.954696
173.000000 1.278472
174.000000 1.017056
175.000000 1.397352
176.000000 1.072704
177.000000 0.783088
178.000000 0.493600
179.000000 0.623016
180.000000 0.675424
181.000000 0.474248
182.000000 0.499552
183.000000 0.457656
184.000000 0.582976
185.000000 0.947720
187.000000 1.146112
188.000000 1.091536
189.000000 1.194160
190.000000 1.104064
191.000000 0.850928
192.000000 0.861128
193.000000 0.761952
194.000000 0.719872
195.000000 0.529616
196.000000 0.665344
197.000000 0.207936
198.000000 0.210168
200.000000 0.317376
201.000000 0.465640
202.000000 0.608488
203.000000 0.412792
204.000000 0.196992
205.000000 0.768552
206.000000 1.127048
207.000000 1.161056
208.000000 0.793720
209.000000 0.963608
210.000000 1.016768
211.000000 1.227224
212.000000 1.197704
213.000000 1.100904
214.000000 1.244128
215.000000 1.091192
217.000000 1.100520
218.000000 1.104440
219.000000 1.221792
220.000000 0.973776
221.000000 1.206040
222.000000 1.155752
223.000000 1.157072
224.000000 1.301128
225.000000 1.171696
226.000000 1.128424
227.000000 1.028464
228.000000 0.965888
229.000000 1.194944
230.000000 1.093152
231.000000 1.131944
232.000000 0.900840
233.000000 0.522344
234.000000 0.848096
235.000000 1.039352
236.000000 1.078128
237.000000 1.156544
238.000000 1.480776
240.000000 1.575184
241.000000 1.119144
242.000000 0.968824
243.000000 1.117080
244.000000 1.009840
245.000000 0.966224
246.000000 0.881560
247.000000 0.950336
248.000000 1.072016
249.000000 1.029448
250.000000 0.898256
251.000000 0.806344
252.000000 1.048896
253.000000 1.118168
254.000000 1.340688
255.000000 1.013144
256.000000 1.173808
257.000000 0.996112
259.000000 1.034552
260.000000 1.166040
261.000000 1.137360
262.000000 1.161568
263.000000 1.082560
264.000000 0.876136
265.000000 1.142664
266.000000 1.202136
267.000000 1.007616
268.000000 1.073568
269.000000 1.183920
270.000000 1.094296
271.000000 1.020080
272.000000 1.006632
273.000000 1.200072
274.000000 1.009112
276.000000 1.123608
277.000000 1.023144
278.000000 0.959304
279.000000 1.294960
280.000000 1.170112
281.000000 1.105184
282.000000 1.029872
283.000000 1.056128
285.000000 1.145544
286.000000 1.028200
287.000000 0.958056
288.000000 0.721208
289.000000 0.932936
290.000000 0.761744
291.000000 0.448616
292.000000 0.579040
293.000000 0.799496
294.000000 0.939776
295.000000 1.048024
296.000000 1.347264
297.000000 1.398088
298.000000 1.081016
299.000000 0.928936
301.000000 1.376048
302.000000 1.216632
303.000000 0.771856
304.000000 0.869112
305.000000 1.204704
306.000000 1.124960
307.000000 1.061424
308.000000 0.696912
309.000000 0.749056
310.000000 0.412408
311.000000 0.424160
312.000000 0.472808
313.000000 0.328320
314.000000 0.131072
322.000000 0.049744
323.000000 0.517840
324.000000 0.634840
325.000000 0.687544
326.000000 1.006888
327.000000 1.006296
328.000000 1.355824
329.000000 1.318192
331.000000 1.375880
332.000000 1.243808
333.000000 1.228672
334.000000 1.256496
335.000000 1.293512
336.000000 1.311648
337.000000 1.300736
338.000000 1.197976
339.000000 0.986408
340.000000 1.283064
341.000000 1.166976
342.000000 1.309440
343.000000 1.034496
344.000000 1.182536
345.000000 1.181984
346.000000 1.138712
348.000000 0.596360
349.000000 0.098496
350.000000 0.270304
351.000000 0.415872
352.000000 0.632488
353.000000 0.997352
355.000000 1.039464
356.000000 1.171088
357.000000 1.344320
358.000000 1.235136
359.000000 1.342552
360.000000 0.933152
361.000000 0.892040
362.000000 0.989152
363.000000 1.181384
364.000000 1.082256
365.000000 1.301816
366.000000 0.881960
368.000000 0.196992
369.000000 0.098496
370.000000 0.119264
372.000000 0.576360
373.000000 0.735512
374.000000 0.503288
375.000000 0.482296
376.000000 0.454080
377.000000 0.576480
378.000000 0.543456
379.000000 0.560496
380.000000 0.503424
381.000000 0.285904
382.000000 0.423856
383.000000 0.522224
384.000000 0.629424
385.000000 0.448704
386.000000 0.194976
387.000000 0.630968
388.000000 1.073632
390.000000 1.170072
391.000000 1.273000
392.000000 1.307752
393.000000 0.983872
394.000000 1.027256
395.000000 0.818328
396.000000 1.122216
397.000000 0.998480
398.000000 1.408000
399.000000 1.006016
400.000000 0.936464
401.000000 0.970984
402.000000 0.793800
403.000000 0.358104
404.000000 0.468664
405.000000 0.891640
406.000000 0.729000
407.000000 0.597496
408.000000 0.551952
410.000000 0.644336
411.000000 0.637376
412.000000 0.399536
413.000000 0.502656
414.000000 0.426816
415.000000 0.391008
416.000000 0.402584
417.000000 0.361152
418.000000 0.306312
419.000000 0.317376
420.000000 0.275952
421.000000 0.401544
422.000000 0.195064
423.000000 0.252952
424.000000 0.196992
425.000000 0.142272
431.000000 0.094072
432.000000 0.098496
434.000000 0.186048
435.000000 0.164160
436.000000 0.081440
437.000000 0.107504
438.000000 0.196992
439.000000 0.359368
440.000000 0.186048
441.000000 0.131328
442.000000 0.218880
443.000000 0.104064
444.000000 0.164160
446.000000 0.229824
447.000000 0.173536
448.000000 0.328320
450.000000 0.087552
452.000000 0.183952
454.000000 0.229824
455.000000 0.164160
456.000000 0.379600
457.000000 0.394040
458.000000 0.562888
459.000000 0.426816
460.000000 0.191544
461.000000 0.339264
463.000000 0.235032
464.000000 0.595456
465.000000 0.262656
466.000000 0.142272
468.000000 0.316160
469.000000 0.131328
470.000000 0.307936
472.000000 0.542384
473.000000 0.459648
474.000000 0.278872
475.000000 0.279680
476.000000 0.207936
477.000000 0.196992
509.000000 0.021888
510.000000 0.334032
511.000000 1.340616
512.000000 1.609944
513.000000 1.659328
514.000000 1.621232
515.000000 1.344272
516.000000 1.675688
517.000000 1.653368
518.000000 2.130512
519.000000 1.879720
520.000000 1.789104
521.000000 1.537712
523.000000 2.467184
524.000000 1.910872
525.000000 1.763072
526.000000 2.041064
527.000000 1.922448
528.000000 1.433424
529.000000 1.259672
530.000000 1.349736
531.000000 1.342736
532.000000 1.066344
533.000000 1.167176
534.000000 0.983960
535.000000 1.079128
536.000000 1.110840
537.000000 1.194344
538.000000 2.137720
539.000000 2.008384
540.000000 2.138160
542.000000 1.628664
543.000000 1.994072
544.000000 2.121840
545.000000 1.300792
546.000000 1.556360
547.000000 1.513520
548.000000 1.233248
549.000000 1.360088
550.000000 1.548592
551.000000 1.489584
552.000000 1.581032
553.000000 1.429288
554.000000 1.476848
555.000000 1.515448
556.000000 1.701696
557.000000 1.544392
558.000000 1.551168
559.000000 2.004864
560.000000 1.590144
561.000000 1.760544
562.000000 1.626616
563.000000 1.955688
564.000000 1.574984
565.000000 1.418224
566.000000 1.985464
567.000000 1.487160
568.000000 1.467816
569.000000 1.885160
571.000000 1.699648
572.000000 2.000624
573.000000 1.896520
574.000000 1.968456
575.000000 1.462216
576.000000 1.818056
577.000000 1.550416
578.000000 1.131192
579.000000 1.580336
580.000000 1.199128
581.000000 1.270992
582.000000 1.078984
583.000000 0.861496
584.000000 1.230224
585.000000 0.943296
586.000000 0.570056
588.000000 0.328872
589.000000 1.045192
590.000000 1.026920
591.000000 1.102928
592.000000 0.614144
593.000000 0.565152
594.000000 0.556384
595.000000 0.863496
596.000000 1.389752
597.000000 0.967184
598.000000 1.012224
599.000000 0.820320
600.000000 1.099912
601.000000 1.331584
603.000000 1.290400
604.000000 1.077128
605.000000 0.820480
606.000000 0.850016
607.000000 0.824072
608.000000 0.799512
609.000000 0.366176
610.000000 0.502976
612.000000 0.782032
613.000000 0.906448
614.000000 0.653496
615.000000 0.159160
616.000000 0.383040
617.000000 0.686240
618.000000 1.288024
620.000000 1.589888
621.000000 1.250368
622.000000 1.011400
623.000000 1.406400
624.000000 1.279824
625.000000 1.062528
626.000000 0.982024
627.000000 0.903784
628.000000 0.886240
629.000000 0.707360
630.000000 0.876096
631.000000 0.720776
632.000000 1.199360
633.000000 0.984008
634.000000 0.972056
635.000000 0.785744
636.000000 0.925592
637.000000 0.930024
638.000000 0.533752
639.000000 0.630752
640.000000 0.799080
641.000000 1.220056
642.000000 0.897536
643.000000 0.535416
645.000000 0.630440
646.000000 0.600928
647.000000 0.744520
648.000000 1.067208
649.000000 1.031112
650.000000 0.931064
651.000000 0.745848
652.000000 0.921872
653.000000 0.673824
654.000000 0.526960
655.000000 0.670352
656.000000 0.743600
657.000000 0.621720
658.000000 0.950168
659.000000 0.728264
660.000000 0.888296
661.000000 0.707344
662.000000 0.908216
663.000000 0.628520
664.000000 0.670016
665.000000 0.665800
666.000000 0.624848
667.000000 0.668848
668.000000 0.817856
669.000000 0.621384
671.000000 0.514368
672.000000 0.138968
673.000000 0.273600
674.000000 0.682936
675.000000 0.576760
676.000000 0.742216
677.000000 0.767888
678.000000 0.827160
679.000000 0.733352
680.000000 0.953816
681.000000 0.807904
682.000000 0.764304
683.000000 0.878864
684.000000 0.626328
685.000000 0.722424
686.000000 0.627464
687.000000 0.824392
688.000000 0.860544
689.000000 0.383280
690.000000 0.623408
691.000000 0.471640
692.000000 0.689472
693.000000 0.576032
694.000000 0.595616
696.000000 0.333376
697.000000 0.437760
698.000000 0.372776
699.000000 0.588144
700.000000 0.600968
701.000000 0.661496
702.000000 1.088160
703.000000 0.691592
704.000000 0.863088
705.000000 1.050608
706.000000 0.920736
707.000000 0.485800
708.000000 0.262656
709.000000 0.210712
710.000000 0.273600
711.000000 0.328680
712.000000 0.641376
713.000000 0.637984
714.000000 0.307992
715.000000 0.449312
716.000000 0.472280
717.000000 0.814176
718.000000 0.594656
719.000000 0.558144
720.000000 0.365528
721.000000 0.328080
723.000000 0.428944
724.000000 0.536256
725.000000 0.528896
726.000000 0.478920
727.000000 0.558144
728.000000 0.550168
729.000000 0.653360
730.000000 0.711776
731.000000 0.504536
732.000000 0.462920
733.000000 0.404928
734.000000 0.360352
735.000000 0.405320
736.000000 0.529784
737.000000 0.532888
738.000000 0.560824
739.000000 0.652232
740.000000 0.456720
741.000000 0.491560
742.000000 0.649640
743.000000 0.603864
744.000000 0.507376
745.000000 0.579248
746.000000 0.614656
747.000000 0.565376
748.000000 0.614288
749.000000 0.804576
750.000000 0.594776
752.000000 0.450664
753.000000 0.564000
754.000000 0.793920
755.000000 0.749344
756.000000 0.709736
757.000000 0.552976
758.000000 0.409536
759.000000 0.332952
760.000000 0.637232
761.000000 0.880680
762.000000 0.581784
763.000000 0.404992
764.000000 0.271672
765.000000 0.498536
766.000000 0.474536
767.000000 0.503424
768.000000 0.520128
769.000000 0.535632
770.000000 0.541192
771.000000 0.578280
772.000000 0.653280
773.000000 0.461872
774.000000 0.603632
775.000000 0.388568
776.000000 0.350208
777.000000 0.347440
778.000000 0.569760
779.000000 0.568048
780.000000 0.496480
781.000000 0.426816
782.000000 0.437264
783.000000 0.426896
784.000000 0.649512
785.000000 0.437360
786.000000 0.481536
787.000000 0.463984
788.000000 0.538104
790.000000 0.449312
791.000000 0.532560
792.000000 0.262840
793.000000 0.393984
794.000000 0.416464
795.000000 0.389208
796.000000 0.416648
797.000000 0.476304
798.000000 0.574816
799.000000 0.531680
800.000000 0.604496
801.000000 0.527584
802.000000 0.746720
803.000000 0.675688
804.000000 0.565000
805.000000 0.575184
806.000000 0.635696
807.000000 0.528672
808.000000 0.437608
809.000000 0.563160
810.000000 0.538512
811.000000 0.575288
812.000000 0.712512
813.000000 0.817784
814.000000 0.551904
815.000000 0.516384
816.000000 0.819800
818.000000 0.866360
819.000000 0.713560
820.000000 0.794248
821.000000 0.675888
822.000000 0.718144
823.000000 0.409816
824.000000 0.512224
825.000000 0.510216
826.000000 0.466456
827.000000 0.547200
828.000000 0.308280
829.000000 0.541168
830.000000 0.997128
831.000000 1.006872
832.000000 0.795672
833.000000 1.110264
834.000000 1.131120
835.000000 1.276944
836.000000 1.267976
837.000000 0.981136
838.000000 0.860544
839.000000 0.930384
840.000000 0.778520
841.000000 0.896048
842.000000 0.928880
844.000000 0.782480
845.000000 0.399600
846.000000 0.515520
847.000000 0.806256
848.000000 0.753320
849.000000 0.594448
850.000000 0.873152
851.000000 0.777360
852.000000 0.350208
853.000000 0.232248
854.000000 0.378112
855.000000 0.470592
856.000000 0.539264
857.000000 0.498776
858.000000 0.426520
859.000000 0.469752
860.000000 0.701904
861.000000 0.559136
862.000000 0.610160
863.000000 0.372096
864.000000 0.357560
865.000000 0.327440
866.000000 0.503424
867.000000 0.341080
868.000000 0.251712
870.000000 0.245672
871.000000 0.492480
872.000000 0.283512
873.000000 0.240768
874.000000 0.212072
875.000000 0.240768
876.000000 0.240768
877.000000 0.169040
878.000000 0.131328
879.000000 0.175104
880.000000 0.240768
881.000000 0.225520
882.000000 0.361152
883.000000 0.171312
884.000000 0.240768
885.000000 0.147712
886.000000 0.295488
887.000000 0.238568
888.000000 0.328320
889.000000 0.322024
890.000000 0.426384
891.000000 0.362176
893.000000 0.470592
894.000000 0.236288
895.000000 0.294456
896.000000 0.315440
897.000000 0.264624
898.000000 0.251712
899.000000 0.131072
901.000000 0.316248
902.000000 0.175104
903.000000 0.229824
904.000000 0.278360
905.000000 0.328320
906.000000 0.149352
907.000000 0.273600
908.000000 0.227688
909.000000 0.207936
910.000000 0.218880
911.000000 0.191672
912.000000 0.273600
913.000000 0.164160
914.000000 0.142272
915.000000 0.109672
916.000000 0.120384
917.000000 0.481536
918.000000 0.460600
919.000000 0.363264
920.000000 0.430496
921.000000 0.415872
923.000000 0.347536
924.000000 0.341704
925.000000 0.328320
926.000000 0.316376
927.000000 0.569088
928.000000 0.449968
929.000000 0.667584
930.000000 0.355064
931.000000 0.509000
932.000000 0.466448
933.000000 0.606912
934.000000 0.602304
935.000000 0.771472
936.000000 0.646792
937.000000 0.721864
938.000000 0.739544
939.000000 0.637504
940.000000 0.461936
941.000000 0.383040
942.000000 0.158704
943.000000 0.240768
944.000000 0.165664
945.000000 0.175104
946.000000 0.262656
947.000000 0.322888
948.000000 0.442432
949.000000 0.404928
950.000000 0.226192
951.000000 0.361152
952.000000 0.640856
953.000000 0.543704
954.000000 0.730784
955.000000 0.731784
956.000000 0.896448
957.000000 0.709424
958.000000 0.650888
959.000000 0.647328
960.000000 0.435216
961.000000 0.493672
962.000000 0.455248
964.000000 0.408320
965.000000 0.317376
966.000000 0.391560
967.000000 0.438720
968.000000 0.330304
969.000000 0.207936
970.000000 0.215240
971.000000 0.459648
972.000000 0.565376
973.000000 0.531008
974.000000 0.656640
975.000000 0.550872
976.000000 1.083528
977.000000 1.019448
978.000000 0.875416
979.000000 0.926704
980.000000 1.010408
981.000000 0.968848
982.000000 0.959144
984.000000 1.259056
985.000000 1.002368
986.000000 0.826176
987.000000 1.268032
988.000000 1.294480
989.000000 1.102344
990.000000 1.314080
991.000000 0.980656
992.000000 0.979144
993.000000 0.873040
994.000000 1.472160
995.000000 1.221304
996.000000 1.192360
997.000000 1.173896
998.000000 1.197456
999.000000 1.330024
1000.000000 1.338696
1001.000000 1.155544
1002.000000 1.352584
1003.000000 1.248472
1004.000000 1.199448
1005.000000 0.997648
1006.000000 1.030984
1008.000000 1.366840
1009.000000 1.204248
1010.000000 0.820352
1011.000000 0.712296
1012.000000 1.176664
1013.000000 1.262128
1014.000000 1.021520
1015.000000 1.052584
1016.000000 1.423304
1017.000000 1.050856
1018.000000 0.965272
1019.000000 0.722512
1020.000000 0.598232
1021.000000 0.566352
1022.000000 0.664040
1023.000000 0.823456
1024.000000 0.768520
1025.000000 0.916064
1026.000000 0.412416
1027.000000 0.189536
1029.000000 0.455832
1030.000000 0.426816
1031.000000 0.361152
1034.000000 0.072480
1040.000000 0.131328
1041.000000 0.339264
1042.000000 0.533312
1043.000000 0.428352
1044.000000 0.393984
1054.000000 0.093744
1055.000000 0.852488
1056.000000 0.848880
1057.000000 0.993336
1058.000000 0.929336
1059.000000 0.811976
1060.000000 0.646024
1061.000000 0.764376
1063.000000 0.731592
1064.000000 0.815384
1065.000000 0.572008
1066.000000 0.751272
1067.000000 0.748264
1068.000000 0.845632
1069.000000 0.841904
1070.000000 0.529088
1071.000000 0.646752
1072.000000 0.674416
1073.000000 0.666104
1074.000000 0.966728
1075.000000 0.592064
1076.000000 0.752184
1078.000000 0.920456
1079.000000 1.005856
1080.000000 0.944456
1081.000000 0.763328
1082.000000 1.165888
1083.000000 1.066184
1084.000000 1.062208
1086.000000 1.070376
1087.000000 1.113584
1088.000000 1.152376
1089.000000 1.136792
1090.000000 1.222168
1091.000000 1.221160
1092.000000 1.311328
1093.000000 1.117320
1094.000000 1.103088
1095.000000 1.085440
1096.000000 0.985752
1097.000000 0.993888
1098.000000 1.276136
1099.000000 1.032184
1100.000000 1.148432
1101.000000 1.223752
1102.000000 1.211904
1103.000000 1.229144
1104.000000 1.138632
1105.000000 1.374528
1106.000000 0.951240
1107.000000 1.083400
1108.000000 1.349064
1110.000000 1.648216
1111.000000 1.135688
1112.000000 0.786600
1113.000000 1.249360
1114.000000 1.186392
1115.000000 1.014256
1116.000000 1.195448
1117.000000 1.251344
1118.000000 1.093104
1119.000000 1.072432
1120.000000 1.054352
1121.000000 1.036648
1122.000000 0.953736
1124.000000 1.007096
1125.000000 0.984408
1126.000000 1.219304
1127.000000 1.075832
1128.000000 1.093248
1129.000000 1.037504
1130.000000 1.105736
1131.000000 1.186224
1132.000000 0.819512
1133.000000 0.503424
1134.000000 0.851408
1135.000000 1.097680
1136.000000 1.182016
1137.000000 0.909096
1138.000000 1.272352
1139.000000 0.902040
1140.000000 1.140288
1141.000000 0.858312
1142.000000 1.010432
1144.000000 1.110680
1145.000000 1.023984
1146.000000 0.795616
1147.000000 0.575816
1148.000000 0.383776
1149.000000 0.576664
1150.000000 1.015176
1151.000000 1.394792
1152.000000 1.012040
1153.000000 0.982384
1154.000000 1.009280
1155.000000 1.041408
1156.000000 1.018072
1157.000000 0.975752
1158.000000 1.196208
1159.000000 1.107656
1161.000000 1.249304
1162.000000 1.004528
1163.000000 1.125928
1164.000000 1.061952
1165.000000 0.912784
1166.000000 0.886568
1167.000000 1.150544
1168.000000 1.197496
1169.000000 1.251216
1170.000000 1.201264
1171.000000 1.158016
1172.000000 1.190488
1173.000000 1.444104
1174.000000 1.036096
1175.000000 1.004096
1176.000000 1.298808
1178.000000 1.145152
1179.000000 1.465872
1180.000000 1.818752
1181.000000 1.258280
1182.000000 1.234040
1183.000000 0.720496
1184.000000 1.024168
1185.000000 0.946736
1186.000000 1.016120
