0.000000 1.028064
1.000000 3.185696
2.000000 1.721896
4.000000 1.371216
5.000000 1.411104
6.000000 1.234928
7.000000 1.426768
8.000000 1.588736
9.000000 1.910464
10.000000 1.609856
11.000000 1.889784
12.000000 1.500800
13.000000 1.643968
14.000000 1.155024
15.000000 1.111832
16.000000 0.919680
17.000000 0.443160
18.000000 0.273600
19.000000 0.076440
20.000000 0.120384
22.000000 0.142272
23.000000 0.175104
24.000000 0.065664
25.000000 0.050288
26.000000 0.590928
27.000000 0.722664
28.000000 0.835296
29.000000 1.208168
30.000000 1.069528
31.000000 1.027240
32.000000 0.836520
33.000000 1.020200
34.000000 0.943344
35.000000 1.004720
36.000000 0.841112
37.000000 0.934104
38.000000 1.246944
40.000000 1.204072
41.000000 1.166608
42.000000 0.913048
43.000000 0.893560
44.000000 0.897232
45.000000 0.954176
46.000000 0.744192
47.000000 0.547480
48.000000 0.864472
49.000000 0.860688
50.000000 1.164824
51.000000 0.895024
52.000000 1.013408
53.000000 0.526328
54.000000 0.820080
55.000000 0.826968
57.000000 0.848080
58.000000 0.904768
59.000000 0.862528
60.000000 0.884528
61.000000 0.805736
62.000000 0.716872
63.000000 0.716512
64.000000 0.706120
65.000000 0.601912
66.000000 0.377536
67.000000 0.361152
68.000000 0.285176
69.000000 0.498616
70.000000 0.492480
71.000000 0.456488
72.000000 0.546608
73.000000 0.558200
74.000000 0.605584
75.000000 0.818216
76.000000 0.627472
77.000000 0.692552
78.000000 0.849712
79.000000 0.780416
80.000000 0.822200
81.000000 0.945992
83.000000 0.948224
84.000000 0.884792
85.000000 0.767016
86.000000 0.456224
87.000000 0.485408
88.000000 0.659456
89.000000 0.961576
90.000000 1.124520
91.000000 0.686648
92.000000 0.592216
93.000000 0.835400
94.000000 1.028664
95.000000 0.667320
96.000000 0.933736
97.000000 0.658856
98.000000 0.680272
99.000000 0.828648
100.000000 0.671792
101.000000 0.841976
102.000000 0.686976
103.000000 0.378168
104.000000 0.418176
106.000000 0.490864
107.000000 0.537872
108.000000 0.540672
109.000000 0.577808
110.000000 0.634752
111.000000 0.458568
112.000000 0.448656
113.000000 0.698224
114.000000 0.657008
115.000000 0.848504
116.000000 0.928824
117.000000 0.729664
118.000000 0.619760
119.000000 0.807120
120.000000 1.055688
121.000000 1.129952
122.000000 0.803736
123.000000 0.824912
124.000000 0.532656
125.000000 0.834152
126.000000 0.407576
127.000000 0.616512
128.000000 0.437296
129.000000 0.390376
131.000000 0.164160
132.000000 0.257264
133.000000 0.761336
134.000000 0.711360
135.000000 0.408152
136.000000 0.368712
137.000000 0.375432
138.000000 0.350208
139.000000 0.148592
140.000000 0.131328
141.000000 0.798536
142.000000 1.099968
144.000000 0.751704
145.000000 0.739632
146.000000 0.957520
147.000000 0.963992
148.000000 0.920848
149.000000 1.030512
150.000000 1.019616
151.000000 0.982384
152.000000 1.016792
153.000000 0.983744
154.000000 0.998424
155.000000 0.595152
157.000000 0.723840
158.000000 0.783096
159.000000 0.718768
160.000000 0.787560
161.000000 1.426544
162.000000 1.484688
163.000000 0.809336
164.000000 0.848552
165.000000 0.470592
166.000000 0.311704
167.000000 0.391248
168.000000 0.240768
172.000000 0.207720
173.000000 0.140344
174.000000 0.306432
175.000000 0.340384
176.000000 0.447912
177.000000 0.489376
178.000000 0.561800
179.000000 0.193120
180.000000 0.567096
181.000000 0.790912
182.000000 0.816392
183.000000 0.676456
184.000000 0.852696
185.000000 0.680992
187.000000 0.355824
188.000000 0.506072
189.000000 0.983576
190.000000 1.353992
191.000000 1.177584
192.000000 1.219168
193.000000 1.019856
194.000000 1.244896
195.000000 1.165480
196.000000 0.919840
197.000000 0.984776
198.000000 1.256760
199.000000 0.905952
200.000000 1.182488
201.000000 0.808832
203.000000 1.095896
204.000000 1.086736
205.000000 0.703024
206.000000 0.760560
207.000000 0.871888
208.000000 0.361296
209.000000 0.400200
210.000000 0.548720
211.000000 0.492424
212.000000 0.219936
213.000000 0.886800
214.000000 0.937936
215.000000 0.942448
216.000000 0.942872
217.000000 0.877720
218.000000 0.426816
219.000000 0.622752
220.000000 1.087816
221.000000 1.173464
222.000000 1.091072
223.000000 0.919984
224.000000 1.215976
226.000000 1.157888
227.000000 1.276272
228.000000 1.268256
229.000000 1.121000
230.000000 1.048432
231.000000 0.615520
232.000000 0.837152
233.000000 0.776696
234.000000 1.025312
235.000000 0.576856
236.000000 0.960824
237.000000 1.155496
238.000000 0.916256
239.000000 0.906640
240.000000 0.827848
241.000000 0.936088
242.000000 0.984336
244.000000 0.866648
245.000000 0.131072
246.000000 0.839920
247.000000 0.639936
248.000000 0.557464
249.000000 0.836880
251.000000 1.017568
252.000000 0.848448
253.000000 0.967152
254.000000 0.932648
255.000000 0.937448
256.000000 0.709632
257.000000 1.030616
258.000000 1.277200
259.000000 0.790608
260.000000 0.756752
261.000000 0.856296
262.000000 0.525520
264.000000 0.433880
265.000000 0.317376
266.000000 0.145312
267.000000 0.164160
268.000000 0.280256
269.000000 0.087552
271.000000 0.379824
273.000000 0.479784
274.000000 1.042424
275.000000 0.789040
276.000000 1.113160
277.000000 0.929008
278.000000 1.051576
279.000000 0.704904
280.000000 0.888784
281.000000 0.171080
282.000000 0.087552
283.000000 0.087552
284.000000 0.098496
286.000000 0.146088
287.000000 0.544152
288.000000 1.259616
289.000000 1.261432
290.000000 1.221640
291.000000 1.286496
292.000000 1.166344
293.000000 1.345096
294.000000 0.898216
295.000000 0.963912
296.000000 1.005304
297.000000 1.237192
298.000000 1.079304
299.000000 1.211280
301.000000 0.999456
302.000000 0.533680
303.000000 0.512408
304.000000 0.620328
305.000000 0.519704
306.000000 0.669616
307.000000 0.647400
308.000000 0.751984
309.000000 1.362800
310.000000 0.779720
311.000000 0.914872
312.000000 1.117560
313.000000 1.175104
314.000000 1.134864
315.000000 1.168776
316.000000 1.111848
318.000000 1.211720
319.000000 0.989280
320.000000 1.161208
321.000000 1.622072
322.000000 0.826576
324.000000 0.415872
325.000000 0.507960
326.000000 0.536256
327.000000 0.952992
328.000000 0.897072
329.000000 0.610784
330.000000 0.717872
331.000000 0.745120
332.000000 0.420736
333.000000 0.521848
334.000000 0.566432
335.000000 0.538472
336.000000 0.476304
337.000000 0.649168
338.000000 0.394072
339.000000 0.317744
340.000000 0.380744
341.000000 0.518184
342.000000 0.652864
343.000000 0.557456
344.000000 0.339400
345.000000 0.372096
349.000000 0.021888
350.000000 0.578800
351.000000 1.143088
352.000000 1.048320
353.000000 0.402432
355.000000 0.395720
356.000000 0.755136
357.000000 0.914912
358.000000 0.791488
359.000000 0.961008
360.000000 1.186096
361.000000 0.741368
362.000000 0.601088
363.000000 0.426816
364.000000 0.421304
365.000000 0.518280
366.000000 0.554832
367.000000 0.492480
368.000000 0.478984
369.000000 0.519928
370.000000 0.324208
371.000000 0.392784
372.000000 0.393984
373.000000 0.310248
374.000000 0.478520
376.000000 0.625776
377.000000 0.380056
378.000000 0.196992
379.000000 0.251712
380.000000 0.215888
381.000000 0.305584
382.000000 0.361152
383.000000 0.072440
384.000000 0.218880
385.000000 0.208000
387.000000 0.524232
388.000000 0.470592
389.000000 0.312888
390.000000 0.317376
391.000000 0.147344
392.000000 0.142272
393.000000 0.021888
394.000000 0.131328
395.000000 0.109440
396.000000 0.068344
397.000000 0.098496
398.000000 0.054720
400.000000 0.076608
401.000000 0.054720
402.000000 0.109440
403.000000 0.117736
404.000000 0.284544
405.000000 0.217312
406.000000 0.175104
407.000000 0.109440
408.000000 0.098496
409.000000 0.087552
410.000000 0.065664
412.000000 0.045880
414.000000 0.186048
415.000000 0.273600
416.000000 0.158600
417.000000 0.273600
418.000000 0.153216
419.000000 0.075248
421.000000 0.009008
422.000000 0.043776
423.000000 0.284544
425.000000 0.142272
426.000000 0.172840
427.000000 0.284544
428.000000 0.120384
429.000000 0.043776
430.000000 0.451192
431.000000 0.502384
432.000000 0.317376
434.000000 0.255064
435.000000 0.153216
438.000000 0.076608
439.000000 0.248144
440.000000 0.424808
442.000000 0.328320
443.000000 0.339264
444.000000 0.177192
445.000000 0.164160
446.000000 0.087552
447.000000 0.120384
448.000000 0.178744
449.000000 0.218880
450.000000 0.262656
451.000000 0.290056
452.000000 0.456664
453.000000 0.482984
454.000000 0.553624
455.000000 0.621656
456.000000 0.594088
457.000000 0.523312
458.000000 0.541168
460.000000 0.105384
461.000000 0.436448
463.000000 0.467312
464.000000 0.532784
465.000000 1.115720
466.000000 1.147920
467.000000 1.290872
468.000000 1.406152
469.000000 1.235264
470.000000 1.040304
471.000000 1.150944
472.000000 1.114896
473.000000 1.005248
474.000000 1.075040
475.000000 1.136160
476.000000 0.955528
477.000000 1.130104
478.000000 1.252184
479.000000 1.450024
480.000000 1.082368
481.000000 1.491024
482.000000 1.400168
483.000000 1.414352
485.000000 1.221952
486.000000 1.301504
487.000000 1.393080
488.000000 1.611552
489.000000 1.130480
490.000000 1.790896
491.000000 1.522480
492.000000 1.249424
493.000000 1.398368
494.000000 1.431944
495.000000 1.235144
496.000000 1.218568
497.000000 1.134512
498.000000 1.298952
499.000000 1.214080
500.000000 1.115032
501.000000 1.182240
502.000000 1.062024
503.000000 1.018640
504.000000 1.045744
505.000000 1.259928
506.000000 1.141096
507.000000 1.469552
508.000000 1.161584
510.000000 1.442768
511.000000 1.144784
512.000000 1.008536
513.000000 1.208568
514.000000 1.471744
515.000000 1.366264
516.000000 1.547536
517.000000 1.453488
518.000000 1.363840
519.000000 0.711456
520.000000 1.245952
521.000000 1.198808
523.000000 1.571880
524.000000 1.468840
525.000000 0.670960
526.000000 1.348208
527.000000 1.032744
528.000000 1.584864
529.000000 1.188736
530.000000 1.423832
531.000000 1.415400
532.000000 1.208632
533.000000 1.136416
534.000000 1.030776
535.000000 1.081424
537.000000 1.158640
538.000000 1.019192
539.000000 1.246016
540.000000 1.071136
541.000000 1.215704
542.000000 1.342664
543.000000 0.992608
544.000000 1.281040
545.000000 1.451336
546.000000 1.221288
547.000000 1.511608
548.000000 1.720872
549.000000 1.470000
550.000000 1.342848
551.000000 1.148096
552.000000 1.084304
553.000000 1.298472
554.000000 1.123904
555.000000 1.044448
556.000000 0.788520
557.000000 1.013400
558.000000 1.115328
559.000000 0.344232
560.000000 1.030488
562.000000 0.918704
563.000000 0.902472
564.000000 0.736824
565.000000 0.878696
566.000000 0.760064
567.000000 0.398736
568.000000 0.434976
569.000000 0.381408
570.000000 0.350208
571.000000 0.377800
572.000000 0.362040
573.000000 0.541224
574.000000 0.362696
575.000000 0.274264
576.000000 0.339264
577.000000 0.331368
579.000000 0.671504
580.000000 1.256016
581.000000 0.882200
582.000000 0.543224
583.000000 0.513152
584.000000 0.818824
585.000000 1.099464
586.000000 1.132304
587.000000 1.008976
589.000000 0.918024
590.000000 0.703032
591.000000 0.741496
592.000000 0.818856
593.000000 0.579096
594.000000 0.977504
595.000000 0.622856
596.000000 0.557424
597.000000 0.527952
598.000000 0.536256
599.000000 0.331584
600.000000 0.508408
601.000000 0.354224
602.000000 0.295488
603.000000 0.439808
604.000000 0.383040
605.000000 0.372096
606.000000 0.361896
607.000000 0.470592
608.000000 0.339888
609.000000 0.326016
610.000000 0.404928
611.000000 0.541264
612.000000 0.370464
613.000000 0.426816
614.000000 0.142272
615.000000 0.076608
616.000000 0.061552
617.000000 0.164160
618.000000 0.306432
620.000000 0.178720
621.000000 0.098496
622.000000 0.153216
623.000000 0.425400
624.000000 0.587352
625.000000 1.135480
626.000000 0.983496
627.000000 1.343864
628.000000 1.200408
630.000000 1.239424
631.000000 1.092496
632.000000 0.997480
633.000000 1.097128
634.000000 1.102536
635.000000 1.171432
636.000000 1.084944
637.000000 1.078984
638.000000 1.102264
639.000000 1.291216
640.000000 1.211592
641.000000 1.122352
642.000000 1.442792
643.000000 1.135760
644.000000 1.146464
645.000000 1.098640
646.000000 1.119472
647.000000 1.460208
649.000000 1.580832
650.000000 1.003512
651.000000 1.038160
652.000000 1.342752
653.000000 1.325408
654.000000 1.281768
656.000000 1.231480
657.000000 1.253064
658.000000 1.168192
659.000000 1.356608
660.000000 1.235864
661.000000 1.315584
662.000000 1.362496
663.000000 1.294608
664.000000 1.392640
665.000000 1.367176
667.000000 1.761360
668.000000 1.325672
669.000000 1.369848
670.000000 1.182152
671.000000 1.392872
672.000000 1.470184
673.000000 1.018296
674.000000 1.075560
675.000000 1.024552
676.000000 0.952448
677.000000 1.014568
678.000000 0.825240
679.000000 1.007968
680.000000 0.776072
681.000000 0.727576
682.000000 0.777152
683.000000 0.858000
684.000000 0.788400
685.000000 0.897736
687.000000 0.870216
688.000000 0.956432
689.000000 0.837840
690.000000 0.957528
691.000000 0.910808
692.000000 0.805272
693.000000 0.844336
694.000000 0.910528
695.000000 0.873432
696.000000 0.939224
697.000000 0.481904
698.000000 0.992384
699.000000 1.276432
700.000000 1.065384
701.000000 1.128640
702.000000 0.942224
703.000000 1.041792
704.000000 1.000632
705.000000 1.095504
707.000000 1.069240
708.000000 1.128232
709.000000 1.320704
710.000000 1.181616
711.000000 1.267448
712.000000 1.205408
713.000000 1.239192
714.000000 1.032512
715.000000 1.389448
716.000000 1.149352
717.000000 0.974672
718.000000 1.199840
719.000000 0.885216
720.000000 1.190744
721.000000 0.655688
722.000000 1.191512
723.000000 1.167544
725.000000 0.759232
726.000000 0.926816
727.000000 1.000752
728.000000 1.158088
729.000000 0.742624
730.000000 0.732160
731.000000 1.041848
732.000000 1.063256
733.000000 0.872576
734.000000 0.923672
735.000000 0.776784
736.000000 0.549328
737.000000 0.233408
738.000000 0.599304
739.000000 0.886464
740.000000 0.736216
741.000000 0.740912
742.000000 0.558560
743.000000 0.603032
744.000000 0.627080
745.000000 0.623008
746.000000 0.514760
747.000000 0.387512
748.000000 0.259288
749.000000 0.350208
750.000000 0.221560
751.000000 0.455240
752.000000 0.631824
753.000000 0.633832
754.000000 0.441704
755.000000 0.319320
756.000000 0.507376
758.000000 0.513584
759.000000 0.481536
760.000000 0.209728
761.000000 0.284544
762.000000 0.193280
763.000000 0.262656
764.000000 0.422000
765.000000 0.196992
766.000000 0.203232
767.000000 0.251712
768.000000 0.270256
769.000000 0.162224
770.000000 0.262656
771.000000 0.229824
772.000000 0.146072
773.000000 0.229824
774.000000 0.229824
775.000000 0.177216
776.000000 0.251712
778.000000 0.169864
779.000000 0.339264
780.000000 0.290496
781.000000 0.317376
782.000000 0.317376
783.000000 0.180256
784.000000 0.404928
785.000000 0.239144
786.000000 0.251712
787.000000 0.153216
788.000000 0.093328
789.000000 0.240768
790.000000 0.212544
791.000000 0.251712
792.000000 0.256344
793.000000 0.196992
794.000000 0.251712
795.000000 0.243248
796.000000 0.273600
797.000000 0.218880
798.000000 0.016104
800.000000 0.076608
801.000000 0.142272
802.000000 0.196992
803.000000 0.153216
804.000000 0.175104
805.000000 0.111192
806.000000 0.087552
807.000000 0.065664
808.000000 0.359288
809.000000 0.498536
810.000000 0.497400
811.000000 0.568112
812.000000 0.454312
813.000000 0.316904
814.000000 0.514368
815.000000 0.398920
816.000000 0.446952
817.000000 0.762720
818.000000 0.823024
819.000000 0.652936
820.000000 0.588208
822.000000 0.580704
823.000000 0.536256
824.000000 0.447664
825.000000 0.299488
826.000000 0.415376
827.000000 0.372096
828.000000 0.251792
829.000000 0.328320
830.000000 0.397800
831.000000 0.503024
832.000000 0.437760
833.000000 0.277936
834.000000 0.373944
836.000000 0.448704
837.000000 0.296096
838.000000 0.357456
839.000000 0.492480
840.000000 0.426744
841.000000 0.351056
842.000000 0.422040
843.000000 0.449480
844.000000 0.196992
846.000000 0.410640
847.000000 0.339264
848.000000 0.169888
849.000000 0.186048
850.000000 0.258080
851.000000 0.207936
852.000000 0.218880
853.000000 0.254288
854.000000 0.407200
855.000000 0.505952
856.000000 0.328320
857.000000 0.109440
858.000000 0.237928
859.000000 0.350208
860.000000 0.357064
861.000000 0.400080
862.000000 0.504368
863.000000 0.607216
865.000000 0.129392
866.000000 0.339264
867.000000 0.196840
868.000000 0.350208
869.000000 0.344280
870.000000 0.746448
871.000000 0.675600
872.000000 0.469928
873.000000 0.500408
874.000000 0.567232
875.000000 0.345824
876.000000 0.417888
877.000000 0.509768
878.000000 0.419472
880.000000 0.273600
881.000000 0.322136
882.000000 0.226848
883.000000 0.339264
884.000000 0.177304
885.000000 0.186048
886.000000 0.120384
887.000000 0.164408
888.000000 0.262656
889.000000 0.235856
890.000000 0.120384
892.000000 0.413232
893.000000 0.510208
894.000000 0.541144
895.000000 0.545056
896.000000 0.525312
897.000000 0.466440
898.000000 0.444568
899.000000 0.494328
901.000000 0.584944
902.000000 0.570312
903.000000 0.579680
904.000000 0.591352
905.000000 0.503424
906.000000 0.241832
909.000000 0.010944
910.000000 0.378736
911.000000 0.131328
912.000000 0.087552
913.000000 0.153216
914.000000 0.076608
915.000000 0.332096
916.000000 0.307576
917.000000 0.448704
919.000000 0.562032
920.000000 0.372096
923.000000 0.120384
924.000000 0.065600
926.000000 0.098496
927.000000 0.043776
928.000000 0.109440
929.000000 0.237328
930.000000 0.607936
932.000000 0.495096
933.000000 0.547984
934.000000 0.543376
935.000000 0.508712
936.000000 0.702040
937.000000 0.820944
938.000000 0.877944
939.000000 0.436832
940.000000 0.052896
941.000000 0.962424
942.000000 0.831920
943.000000 0.886168
944.000000 1.203328
945.000000 0.882712
946.000000 0.926896
947.000000 1.053792
948.000000 0.616904
949.000000 1.245696
950.000000 1.067568
960.000000 1.149768
961.000000 1.106336
962.000000 1.240440
963.000000 1.298112
964.000000 1.338272
965.000000 1.401408
966.000000 1.279896
967.000000 1.426936
969.000000 1.175528
970.000000 1.467080
971.000000 1.454312
972.000000 1.439520
973.000000 1.371064
974.000000 1.469944
975.000000 1.521480
976.000000 1.624568
977.000000 1.002328
978.000000 1.286224
979.000000 1.117384
981.000000 1.056480
982.000000 1.020544
983.000000 0.817632
984.000000 0.937256
985.000000 1.095440
986.000000 1.133336
987.000000 0.814840
988.000000 0.926512
989.000000 0.658096
990.000000 0.807768
991.000000 0.823848
992.000000 0.638528
993.000000 0.916752
994.000000 0.719096
995.000000 0.876488
996.000000 0.933184
997.000000 1.003208
998.000000 1.003136
999.000000 0.863000
1000.000000 1.045560
1002.000000 0.991752
1003.000000 1.071888
1004.000000 0.732432
1005.000000 0.917096
1006.000000 0.714920
1007.000000 0.404088
1008.000000 0.849304
1009.000000 0.707432
1010.000000 0.684920
1011.000000 0.820792
1012.000000 0.877280
1013.000000 1.119992
1014.000000 1.092824
1015.000000 0.926968
1016.000000 1.054576
1018.000000 1.029536
1019.000000 0.904048
1020.000000 0.678080
1021.000000 0.863816
1022.000000 0.868432
1023.000000 1.012512
1024.000000 0.929752
1026.000000 1.050368
1027.000000 1.019608
1028.000000 1.096256
1029.000000 0.907912
1030.000000 0.831112
1032.000000 1.050616
1033.000000 1.001176
1034.000000 1.034016
1035.000000 0.622224
1036.000000 1.086408
1037.000000 0.865432
1038.000000 1.166616
1039.000000 1.171992
1040.000000 1.131048
1041.000000 1.179984
1042.000000 1.116696
1043.000000 1.282832
1044.000000 1.157232
1045.000000 0.803672
1046.000000 1.366184
1047.000000 1.457512
1048.000000 1.642184
1049.000000 1.127464
1050.000000 1.173416
1051.000000 1.361576
1053.000000 1.246728
1054.000000 1.129672
1055.000000 0.945440
1056.000000 1.094072
1057.000000 1.328096
1058.000000 1.266288
1059.000000 1.113240
1060.000000 1.047640
1061.000000 1.309944
1062.000000 1.195880
1063.000000 1.124992
1064.000000 1.027080
1065.000000 0.719440
1066.000000 0.948632
1068.000000 0.956200
1069.000000 0.944128
1070.000000 1.071880
1071.000000 0.993192
1072.000000 1.183752
1073.000000 0.999560
1074.000000 1.224632
1075.000000 1.051016
1076.000000 1.005704
1077.000000 0.627232
1078.000000 0.372096
1079.000000 0.333152
1080.000000 0.791328
1082.000000 0.936064
1083.000000 0.869192
1084.000000 1.073152
1085.000000 1.016320
1086.000000 0.943544
1087.000000 0.890176
1088.000000 0.519128
1089.000000 1.060184
1090.000000 0.981400
1091.000000 0.770984
1092.000000 0.581504
1093.000000 1.147168
1094.000000 1.084488
1095.000000 1.223472
1096.000000 0.986944
1097.000000 1.078848
1098.000000 1.109504
1100.000000 0.979872
1101.000000 1.065312
1102.000000 1.053424
1103.000000 1.006848
1104.000000 1.145920
1105.000000 1.154016
1106.000000 1.259624
1107.000000 1.283728
1108.000000 1.281176
1109.000000 0.986784
1110.000000 1.180016
1112.000000 1.498712
1113.000000 1.347592
1114.000000 1.142720
1115.000000 1.268800
1116.000000 1.030088
1117.000000 1.123032
1118.000000 1.241816
1119.000000 0.997704
1120.000000 1.387248
1121.000000 1.292656
1122.000000 1.306064
1124.000000 1.293712
1125.000000 1.386784
1126.000000 1.082512
1127.000000 1.394408
1128.000000 1.113488
1129.000000 1.347392
1130.000000 1.545008
1131.000000 0.934512
1133.000000 0.907064
1134.000000 1.748816
1135.000000 1.360336
1136.000000 1.307704
1137.000000 1.300624
1138.000000 1.339800
1139.000000 1.302432
1140.000000 1.494304
1141.000000 1.268256
1142.000000 1.286640
1143.000000 1.328392
1144.000000 1.504400
1145.000000 1.436336
1146.000000 1.233040
1147.000000 1.295240
1148.000000 1.158184
1150.000000 1.335064
1151.000000 1.325960
1152.000000 1.382256
1153.000000 1.392200
1154.000000 1.214152
1155.000000 1.368488
1156.000000 1.333760
1157.000000 1.182152
1158.000000 1.424096
1159.000000 1.032040
1160.000000 1.343384
1161.000000 1.261488
1162.000000 1.269152
1163.000000 1.243808
1164.000000 1.202120
1165.000000 1.201208
1166.000000 1.162360
1167.000000 1.142280
1168.000000 1.141552
1169.000000 1.365424
1170.000000 1.369392
1171.000000 1.761704
1172.000000 1.310648
1179.000000 0.131072
1180.000000 0.255600
1181.000000 0.164160
1182.000000 0.339264
1183.000000 0.388544
1184.000000 0.512184
1185.000000 0.889632
1186.000000 1.202168
1187.000000 1.209360
1188.000000 1.277176
1189.000000 1.107256
1190.000000 0.920664
