0.000000 1.006176
1.000000 2.289608
2.000000 1.502088
3.000000 1.560496
4.000000 1.373528
5.000000 1.161184
6.000000 1.026992
7.000000 1.137184
8.000000 1.359208
9.000000 1.312744
10.000000 1.405408
12.000000 1.426248
13.000000 1.511216
14.000000 1.314088
15.000000 1.483592
16.000000 1.797600
17.000000 1.538648
18.000000 1.286064
19.000000 1.670312
20.000000 1.599792
21.000000 1.316280
22.000000 0.938440
23.000000 0.898584
24.000000 0.431592
25.000000 0.153216
26.000000 0.523424
27.000000 0.321672
28.000000 0.517048
30.000000 0.317376
31.000000 0.207416
32.000000 0.439680
33.000000 0.497448
34.000000 0.426816
35.000000 0.284896
36.000000 0.328264
37.000000 0.372096
38.000000 0.211856
39.000000 0.284544
40.000000 0.210312
41.000000 0.437760
42.000000 0.445656
43.000000 0.401712
44.000000 0.742544
46.000000 0.527184
47.000000 0.503424
48.000000 0.370920
49.000000 0.530008
50.000000 0.467240
51.000000 0.525312
52.000000 0.448208
53.000000 0.317200
54.000000 0.481536
55.000000 0.676192
56.000000 0.639136
57.000000 0.470872
58.000000 0.404928
59.000000 0.317272
60.000000 0.635264
61.000000 0.564688
62.000000 0.595736
63.000000 0.580032
64.000000 0.457744
65.000000 0.404448
66.000000 0.488096
67.000000 0.459648
68.000000 0.283120
69.000000 0.262656
71.000000 0.210376
72.000000 0.352384
73.000000 0.787144
74.000000 0.820304
75.000000 0.951168
76.000000 0.893824
77.000000 0.720256
78.000000 0.479600
79.000000 0.423736
81.000000 0.229824
82.000000 0.726776
83.000000 0.891616
84.000000 0.662344
85.000000 0.636672
86.000000 0.271672
87.000000 0.706488
89.000000 0.662776
90.000000 0.697256
91.000000 0.863984
92.000000 0.780744
93.000000 0.883880
94.000000 0.769744
95.000000 0.944264
96.000000 0.832472
97.000000 1.235416
98.000000 0.969280
99.000000 1.057664
100.000000 0.972344
101.000000 0.699424
102.000000 0.910728
103.000000 0.965888
104.000000 0.709864
105.000000 0.856440
106.000000 0.703016
107.000000 0.723544
108.000000 0.682712
109.000000 0.743592
110.000000 0.785200
111.000000 0.823304
112.000000 0.667752
113.000000 1.014136
114.000000 1.091304
116.000000 1.076008
117.000000 1.245120
118.000000 0.796344
119.000000 0.864576
120.000000 1.063760
121.000000 1.169928
122.000000 0.938944
123.000000 0.996272
124.000000 1.231544
125.000000 0.684472
126.000000 1.090352
127.000000 0.796176
128.000000 0.968136
129.000000 1.097120
131.000000 0.869400
132.000000 0.812040
133.000000 0.862904
134.000000 0.628864
135.000000 1.098048
136.000000 0.783896
137.000000 1.018600
138.000000 1.119512
139.000000 0.711312
140.000000 0.925616
141.000000 0.634376
142.000000 1.082240
143.000000 1.043032
144.000000 0.887296
145.000000 0.704512
146.000000 0.375704
147.000000 0.682688
148.000000 0.530400
149.000000 0.514736
150.000000 0.577904
151.000000 0.350208
152.000000 0.243456
154.000000 0.327456
155.000000 0.738248
156.000000 0.640616
157.000000 0.729752
158.000000 0.704808
159.000000 0.377432
160.000000 0.348408
161.000000 0.507744
162.000000 0.595152
163.000000 0.669120
164.000000 0.010944
165.000000 0.706488
166.000000 0.871984
167.000000 0.743784
168.000000 0.580032
169.000000 0.728104
171.000000 0.990232
172.000000 1.261520
173.000000 0.932624
174.000000 1.261096
175.000000 0.994880
176.000000 1.189000
177.000000 1.028520
178.000000 1.020208
179.000000 0.814928
180.000000 1.201768
181.000000 0.789496
182.000000 1.255880
183.000000 0.982296
184.000000 0.643912
185.000000 0.404928
186.000000 0.754216
187.000000 0.944552
188.000000 0.963552
189.000000 1.060720
190.000000 1.389336
191.000000 1.227048
193.000000 1.050296
194.000000 1.171824
195.000000 1.103880
196.000000 0.884568
197.000000 0.833240
198.000000 0.688448
199.000000 0.524816
200.000000 0.361152
201.000000 0.098496
202.000000 1.023064
203.000000 1.288480
205.000000 1.342624
206.000000 1.364792
207.000000 0.958248
208.000000 1.334264
209.000000 1.000984
210.000000 1.238360
211.000000 0.636952
212.000000 1.180896
213.000000 0.814216
214.000000 0.799248
215.000000 0.516488
216.000000 0.751808
217.000000 0.887152
218.000000 1.150312
219.000000 1.126960
220.000000 0.987776
221.000000 1.483120
222.000000 1.176952
223.000000 1.053264
225.000000 1.053280
226.000000 0.859040
227.000000 0.929912
228.000000 1.100016
229.000000 0.966272
230.000000 0.984616
231.000000 0.872480
232.000000 0.961360
233.000000 0.920256
234.000000 0.692328
235.000000 1.034488
236.000000 0.801616
237.000000 0.392072
238.000000 0.584016
239.000000 0.174112
240.000000 0.468560
242.000000 0.475776
243.000000 0.947224
244.000000 0.972224
245.000000 0.623808
246.000000 0.404912
247.000000 0.487296
248.000000 0.956208
249.000000 1.217192
250.000000 0.886888
251.000000 0.888480
252.000000 1.282120
253.000000 1.206480
254.000000 1.238288
256.000000 1.108216
257.000000 1.192056
258.000000 0.966512
259.000000 0.975008
260.000000 0.909424
261.000000 1.003720
262.000000 1.115056
263.000000 0.810808
264.000000 0.945672
265.000000 0.994200
266.000000 1.007616
267.000000 1.270560
269.000000 1.283320
270.000000 1.199752
271.000000 1.077880
272.000000 0.754920
273.000000 1.343272
274.000000 0.865912
275.000000 1.123608
276.000000 1.012200
277.000000 0.959304
278.000000 1.126616
279.000000 0.718152
280.000000 1.036176
281.000000 0.941024
282.000000 0.767216
283.000000 1.078016
284.000000 0.913688
285.000000 1.076248
287.000000 0.664432
288.000000 0.781928
289.000000 0.825384
290.000000 0.568040
291.000000 0.903928
292.000000 1.183224
293.000000 0.989056
294.000000 0.894096
295.000000 1.070280
296.000000 0.927152
297.000000 0.896056
298.000000 0.741128
299.000000 0.973248
300.000000 0.710056
301.000000 0.861168
302.000000 0.503936
304.000000 0.547200
305.000000 0.352056
306.000000 0.374864
307.000000 0.372096
308.000000 0.232832
309.000000 0.945720
310.000000 1.204704
311.000000 1.026464
312.000000 1.050480
313.000000 0.477104
314.000000 0.837536
315.000000 0.989784
316.000000 1.069496
318.000000 0.966632
319.000000 0.906424
320.000000 0.901224
321.000000 0.542736
322.000000 0.853768
323.000000 0.775792
324.000000 1.064056
325.000000 0.678648
326.000000 0.426816
327.000000 0.098496
328.000000 0.304224
329.000000 0.339264
330.000000 0.121832
332.000000 0.065664
334.000000 0.120384
335.000000 0.992096
336.000000 1.316224
337.000000 1.300272
338.000000 1.282568
339.000000 1.415576
340.000000 1.445208
341.000000 1.097408
342.000000 1.023424
343.000000 1.128032
344.000000 1.366984
345.000000 1.064504
346.000000 1.432648
347.000000 1.196160
348.000000 1.396616
349.000000 0.904896
350.000000 0.284544
351.000000 0.010944
352.000000 0.642400
353.000000 1.258784
354.000000 1.206152
355.000000 0.618232
357.000000 0.724392
358.000000 0.649336
359.000000 0.612864
360.000000 0.388552
361.000000 0.314392
362.000000 0.450152
363.000000 0.663064
364.000000 0.490328
365.000000 0.429928
366.000000 0.621808
367.000000 0.377008
368.000000 0.313320
369.000000 0.295488
370.000000 0.130016
371.000000 0.448704
372.000000 0.357872
373.000000 0.259184
375.000000 0.175104
376.000000 0.852832
377.000000 1.130288
378.000000 1.030216
379.000000 1.434080
380.000000 1.144328
381.000000 1.227856
382.000000 1.107928
383.000000 1.158672
384.000000 1.224128
385.000000 1.020320
386.000000 1.199968
387.000000 0.782280
388.000000 0.889336
389.000000 1.031144
390.000000 0.757296
391.000000 0.534424
392.000000 0.882768
393.000000 0.951040
395.000000 1.016312
396.000000 0.682648
397.000000 0.671936
398.000000 0.487464
399.000000 0.774224
400.000000 0.475968
401.000000 0.441672
402.000000 0.458456
403.000000 0.350208
404.000000 0.223328
405.000000 0.432248
406.000000 0.573768
407.000000 0.383040
408.000000 0.159440
409.000000 0.218880
413.000000 0.065664
414.000000 0.065664
417.000000 0.142016
420.000000 0.216104
421.000000 0.164160
423.000000 0.087552
424.000000 0.618696
425.000000 0.569088
426.000000 0.358104
427.000000 0.304504
428.000000 0.295488
430.000000 0.175104
431.000000 0.016808
432.000000 0.076608
433.000000 0.098496
434.000000 0.196992
435.000000 0.141584
436.000000 0.175104
437.000000 0.120384
438.000000 0.142272
440.000000 0.072360
441.000000 0.207936
442.000000 0.302008
443.000000 0.164160
444.000000 0.164160
445.000000 0.175104
446.000000 0.131328
447.000000 0.098496
448.000000 0.136080
449.000000 0.437760
450.000000 0.184688
451.000000 0.284544
452.000000 0.210560
453.000000 0.306432
473.000000 0.043776
474.000000 0.153216
475.000000 0.093104
476.000000 0.087552
502.000000 0.010944
503.000000 0.349440
504.000000 0.470592
505.000000 0.533280
506.000000 0.588632
507.000000 0.612744
508.000000 0.472944
509.000000 0.552832
510.000000 0.544016
511.000000 1.194008
512.000000 1.306336
513.000000 1.088864
514.000000 1.142976
516.000000 1.192656
517.000000 1.546368
518.000000 1.260520
519.000000 1.585304
520.000000 1.585792
521.000000 1.600744
522.000000 1.502384
523.000000 1.205360
524.000000 1.705424
525.000000 1.814056
526.000000 1.938200
527.000000 1.499120
528.000000 1.923752
529.000000 1.427952
530.000000 1.414480
532.000000 0.919392
533.000000 1.868016
534.000000 1.735768
535.000000 1.597152
536.000000 1.742808
537.000000 1.593648
538.000000 1.744752
539.000000 1.916424
540.000000 2.053088
541.000000 2.055936
542.000000 1.724320
543.000000 2.266576
544.000000 2.509856
545.000000 1.356600
546.000000 1.145672
547.000000 1.649248
548.000000 1.439144
549.000000 1.573336
550.000000 2.040352
551.000000 1.443312
552.000000 1.782328
553.000000 1.567304
554.000000 1.250864
555.000000 1.390536
557.000000 1.553728
558.000000 1.066336
559.000000 1.478640
560.000000 1.668584
561.000000 1.800664
562.000000 2.011520
563.000000 1.928056
564.000000 1.697608
565.000000 1.660608
566.000000 2.070528
567.000000 1.524480
568.000000 1.497888
569.000000 1.889272
570.000000 1.955688
571.000000 1.758336
572.000000 2.153088
573.000000 1.600360
574.000000 1.701504
575.000000 1.707368
577.000000 1.925208
578.000000 2.002016
579.000000 1.946608
580.000000 2.086144
581.000000 1.453304
582.000000 1.386456
583.000000 1.370752
584.000000 0.137192
585.000000 0.986408
586.000000 1.658576
587.000000 1.496520
588.000000 0.766504
589.000000 0.537352
590.000000 0.569480
591.000000 0.339264
593.000000 0.187056
594.000000 0.694936
595.000000 0.872440
596.000000 1.263056
597.000000 0.724568
598.000000 0.952944
599.000000 0.728368
600.000000 0.928424
601.000000 0.905376
602.000000 0.908912
603.000000 0.843968
604.000000 0.985264
605.000000 1.261744
606.000000 1.423264
607.000000 1.651088
608.000000 0.926424
609.000000 1.224208
610.000000 1.331808
611.000000 1.016000
612.000000 0.869192
614.000000 0.711040
615.000000 0.643544
616.000000 0.598880
617.000000 0.584880
618.000000 0.657240
619.000000 1.148232
620.000000 1.160032
621.000000 1.051080
622.000000 1.314008
623.000000 1.251232
624.000000 1.381952
625.000000 1.294144
626.000000 1.241224
627.000000 1.373568
628.000000 1.050000
629.000000 1.336616
630.000000 1.580816
631.000000 0.960240
633.000000 1.441864
634.000000 1.569928
635.000000 1.487432
636.000000 1.582696
637.000000 1.035032
638.000000 1.365280
639.000000 0.916416
640.000000 1.206416
641.000000 1.097992
642.000000 0.993344
643.000000 0.914984
644.000000 0.807552
645.000000 0.679120
646.000000 0.918832
647.000000 0.731832
648.000000 0.785048
649.000000 0.924696
650.000000 0.987536
652.000000 1.113232
653.000000 1.480024
654.000000 1.385432
655.000000 1.045640
656.000000 0.989672
657.000000 0.879432
658.000000 0.988912
659.000000 0.692664
660.000000 1.038936
661.000000 1.084720
662.000000 0.657488
663.000000 0.617592
664.000000 0.708056
665.000000 0.606328
666.000000 0.670608
667.000000 0.724976
668.000000 0.725280
669.000000 0.447536
670.000000 0.356568
671.000000 0.328320
672.000000 0.286776
674.000000 0.359024
675.000000 0.426816
676.000000 0.308224
677.000000 0.295384
678.000000 0.173168
679.000000 0.240768
680.000000 0.207920
681.000000 0.186048
682.000000 0.186048
683.000000 0.142808
684.000000 0.218880
685.000000 0.205624
686.000000 0.251712
687.000000 0.098496
688.000000 0.109440
690.000000 0.069008
691.000000 0.076608
692.000000 0.098496
693.000000 0.065664
694.000000 0.087552
695.000000 0.054720
696.000000 0.021888
699.000000 0.031232
700.000000 0.054720
701.000000 0.087552
703.000000 0.142272
704.000000 0.142272
705.000000 0.201112
706.000000 0.251712
707.000000 0.109560
708.000000 0.142272
709.000000 0.164160
710.000000 0.117776
711.000000 0.164160
712.000000 0.142272
713.000000 0.115704
714.000000 0.131328
715.000000 0.120384
716.000000 0.131328
717.000000 0.175104
718.000000 0.134920
719.000000 0.131328
720.000000 0.142272
721.000000 0.153216
722.000000 0.175104
723.000000 0.116352
724.000000 0.164160
725.000000 0.164160
727.000000 0.131568
728.000000 0.186048
729.000000 0.240768
730.000000 0.262648
731.000000 0.207544
732.000000 0.175104
733.000000 0.087552
735.000000 0.010944
737.000000 0.187096
738.000000 0.032832
739.000000 0.032832
740.000000 0.076608
741.000000 0.032832
743.000000 0.021888
753.000000 0.131072
761.000000 0.466848
762.000000 0.912992
763.000000 1.417512
764.000000 1.364216
765.000000 0.874136
766.000000 1.282568
767.000000 1.297424
768.000000 0.988368
769.000000 0.946888
770.000000 1.130368
771.000000 0.961984
772.000000 1.052792
774.000000 1.198904
775.000000 1.354168
776.000000 1.172896
777.000000 1.358024
778.000000 1.630344
779.000000 1.369528
780.000000 0.966344
781.000000 0.875112
782.000000 1.303440
783.000000 0.939456
784.000000 1.079608
785.000000 1.126128
786.000000 1.336176
787.000000 1.354768
788.000000 1.300856
789.000000 1.386760
790.000000 1.324384
791.000000 1.251768
792.000000 0.917592
793.000000 1.123928
794.000000 1.236560
795.000000 0.875552
796.000000 0.989744
798.000000 1.164376
799.000000 1.176840
800.000000 1.185888
801.000000 1.173768
802.000000 1.280080
803.000000 1.163568
804.000000 1.032632
805.000000 1.185888
806.000000 1.107800
807.000000 1.189384
808.000000 1.276264
809.000000 1.100888
810.000000 1.251344
811.000000 1.153920
812.000000 0.956144
813.000000 1.210728
814.000000 0.824312
816.000000 0.978880
817.000000 1.070024
818.000000 1.117440
819.000000 1.144248
820.000000 0.977992
821.000000 1.201256
822.000000 1.093872
823.000000 1.564224
824.000000 1.337912
825.000000 1.414432
826.000000 1.276264
827.000000 1.270376
828.000000 1.157200
829.000000 1.438584
830.000000 0.682416
831.000000 1.331664
833.000000 1.333640
834.000000 1.270968
835.000000 1.206376
836.000000 1.051352
837.000000 1.377584
838.000000 0.863640
839.000000 1.170712
840.000000 1.146672
841.000000 1.320992
842.000000 0.986200
843.000000 1.317320
844.000000 1.377024
845.000000 1.143336
846.000000 1.162544
847.000000 1.208488
849.000000 1.095336
850.000000 1.339040
851.000000 1.197032
852.000000 0.897984
853.000000 0.888112
854.000000 0.943632
855.000000 1.073104
856.000000 1.032232
857.000000 1.107312
858.000000 1.043056
859.000000 0.781968
861.000000 1.067192
862.000000 0.898592
863.000000 0.943296
864.000000 0.810864
865.000000 0.910792
866.000000 0.983960
867.000000 0.986072
868.000000 0.398992
869.000000 0.437760
870.000000 0.136904
871.000000 0.499280
872.000000 0.317376
873.000000 0.103488
874.000000 0.098496
875.000000 0.295872
876.000000 0.295488
877.000000 0.399376
878.000000 0.435280
879.000000 0.550776
881.000000 0.514368
882.000000 0.273160
883.000000 0.350208
884.000000 0.301784
885.000000 0.429568
886.000000 0.448704
887.000000 0.286832
888.000000 0.432304
889.000000 0.450208
890.000000 0.470592
891.000000 0.257224
892.000000 0.273600
893.000000 0.179776
894.000000 0.186048
895.000000 0.207936
896.000000 0.335632
897.000000 0.465752
898.000000 0.510872
899.000000 0.404928
900.000000 0.347744
901.000000 0.631024
902.000000 0.251712
903.000000 0.144536
904.000000 0.295488
905.000000 0.349400
906.000000 0.654552
907.000000 0.528360
908.000000 0.461792
910.000000 0.537888
911.000000 0.262656
912.000000 0.164160
913.000000 0.074064
914.000000 0.087552
915.000000 0.131328
916.000000 0.251712
917.000000 0.187240
918.000000 0.262656
919.000000 0.137872
920.000000 0.153216
921.000000 0.164160
922.000000 0.178496
923.000000 0.240768
924.000000 0.164160
925.000000 0.063240
926.000000 0.164160
927.000000 0.229824
929.000000 0.055680
930.000000 0.415872
931.000000 0.231808
932.000000 0.317376
933.000000 0.248072
934.000000 0.306432
935.000000 0.087552
936.000000 0.040064
937.000000 0.892160
938.000000 0.393984
939.000000 0.627480
940.000000 0.881400
942.000000 0.937032
943.000000 1.126608
944.000000 1.071696
945.000000 0.687496
946.000000 0.835080
947.000000 0.629584
948.000000 0.762160
949.000000 0.498808
950.000000 0.426872
951.000000 0.431864
952.000000 0.432704
954.000000 0.405504
955.000000 0.251712
956.000000 0.010944
976.000000 0.021888
977.000000 0.187232
978.000000 0.218880
979.000000 0.299680
980.000000 0.240768
982.000000 0.153216
983.000000 0.087552
986.000000 0.185560
987.000000 0.404928
988.000000 0.349224
990.000000 0.294896
992.000000 0.229824
993.000000 0.299168
994.000000 0.376088
995.000000 0.526488
996.000000 0.517144
997.000000 0.573696
998.000000 0.466784
999.000000 0.251712
1001.000000 0.171864
1002.000000 0.218880
1003.000000 0.196992
1004.000000 0.075544
1006.000000 0.218624
1007.000000 0.207744
1008.000000 0.284544
1009.000000 0.366728
1010.000000 0.453312
1011.000000 0.529168
1012.000000 0.393984
1013.000000 0.262656
1014.000000 0.191712
1015.000000 0.415872
1016.000000 0.339264
1017.000000 0.261832
1018.000000 0.251712
1019.000000 0.164496
1020.000000 0.240768
1021.000000 0.218880
1022.000000 0.149280
1023.000000 0.430496
1025.000000 0.499208
1026.000000 0.542288
1027.000000 0.511224
1028.000000 0.547200
1029.000000 0.628368
1030.000000 0.610376
1031.000000 0.603776
1033.000000 0.444192
1035.000000 0.518872
1036.000000 0.491504
1037.000000 0.717608
1038.000000 0.525488
1039.000000 0.429984
1041.000000 0.503776
1042.000000 0.273600
1043.000000 0.396936
1044.000000 0.590976
1045.000000 0.318672
1046.000000 0.338824
1047.000000 0.164160
1048.000000 0.087552
1049.000000 0.153216
1050.000000 0.098496
1051.000000 0.195736
1052.000000 0.393984
1053.000000 0.204800
1054.000000 0.459648
1055.000000 0.231568
1056.000000 0.361152
1057.000000 0.141512
1059.000000 0.440768
1060.000000 0.569896
1061.000000 0.531256
1062.000000 0.437760
1063.000000 0.309464
1064.000000 0.371840
1065.000000 0.612248
1066.000000 0.657472
1067.000000 0.736080
1068.000000 0.708528
1069.000000 0.630400
1070.000000 0.545368
1071.000000 0.771480
1072.000000 0.780752
1073.000000 0.439472
1074.000000 0.262656
1075.000000 0.558392
1076.000000 0.350208
1078.000000 0.262656
1079.000000 0.383624
1080.000000 0.996136
1081.000000 0.448704
1082.000000 0.372096
1083.000000 0.275800
1084.000000 0.691616
1085.000000 0.793288
1086.000000 1.168272
1087.000000 0.830856
1088.000000 1.173448
1089.000000 0.945440
1090.000000 1.126904
1091.000000 1.240544
1092.000000 1.277232
1093.000000 1.157016
1094.000000 1.102360
1095.000000 1.233336
1096.000000 1.294376
1097.000000 1.288488
1098.000000 1.252152
1099.000000 1.031656
1100.000000 1.063704
1102.000000 0.876536
1103.000000 1.272496
1104.000000 1.087912
1105.000000 0.545736
1106.000000 0.912584
1107.000000 1.021720
1108.000000 1.102392
1109.000000 0.975176
1110.000000 0.973024
1111.000000 0.850792
1112.000000 1.172464
1113.000000 1.070024
1114.000000 1.021680
1116.000000 0.591616
1117.000000 1.016320
1118.000000 0.680888
1119.000000 0.574304
1120.000000 0.512864
1121.000000 0.541016
1122.000000 0.426816
1123.000000 0.544192
1124.000000 0.494104
1125.000000 0.460712
1126.000000 0.334640
1127.000000 0.563048
1128.000000 0.789440
1129.000000 0.863952
1130.000000 0.641272
1131.000000 0.671712
1132.000000 0.623680
1133.000000 0.588848
1134.000000 0.572496
1135.000000 0.713952
1136.000000 0.691792
1138.000000 0.671744
1139.000000 0.852856
1140.000000 0.717992
1141.000000 0.813600
1142.000000 0.998704
1143.000000 0.915512
1144.000000 0.807880
1145.000000 1.053184
1146.000000 0.738144
1147.000000 1.065592
1148.000000 0.788424
1149.000000 1.083320
1150.000000 0.821528
1151.000000 0.943008
1152.000000 1.097568
1153.000000 0.856584
1154.000000 1.085728
1155.000000 1.000248
1156.000000 0.665096
1157.000000 0.819432
1159.000000 0.997648
1160.000000 0.849000
1161.000000 0.713248
1162.000000 0.890112
1163.000000 0.921848
1164.000000 0.977744
1165.000000 0.850936
1166.000000 0.789368
1167.000000 0.882728
1168.000000 0.708304
1169.000000 1.017288
1170.000000 0.752104
1171.000000 0.866184
1172.000000 0.952376
1174.000000 0.929536
1175.000000 0.560168
1176.000000 0.921968
1177.000000 1.036856
1178.000000 0.972904
1179.000000 0.934144
1180.000000 1.040072
1181.000000 1.175280
1182.000000 1.115000
1183.000000 1.348872
1184.000000 1.661848
1185.000000 1.259304
1186.000000 1.337488
1187.000000 1.517544
1188.000000 1.186632
1190.000000 1.273088
1191.000000 1.023128
1192.000000 1.045872
1193.000000 0.905056
1194.000000 0.915816
1195.000000 1.088528
1196.000000 1.094288
1197.000000 0.836648
1198.000000 0.902600
1199.000000 0.862000
1200.000000 0.998336
1201.000000 0.975744
1202.000000 0.985240
1203.000000 1.008584
1204.000000 1.230936
1205.000000 0.813008
1206.000000 1.091664
1207.000000 0.767768
1208.000000 1.004528
1209.000000 1.093096
1210.000000 1.014848
1211.000000 1.058384
1212.000000 0.897512
1213.000000 0.931664
1214.000000 1.175608
1215.000000 1.251216
1216.000000 1.212208
1217.000000 1.125184
1218.000000 0.877848
1220.000000 0.848896
1221.000000 0.331336
1222.000000 1.112768
1223.000000 0.554560
1224.000000 0.938432
1225.000000 1.206520
1226.000000 0.769456
1227.000000 0.818192
1228.000000 1.017824
1229.000000 0.973360
1230.000000 1.115264
1231.000000 1.162856
1232.000000 0.840056
1233.000000 0.802544
1234.000000 0.684032
1235.000000 0.628096
1236.000000 0.697112
1237.000000 1.038008
1238.000000 1.220304
1239.000000 1.264360
1240.000000 1.012920
1241.000000 0.958640
1242.000000 0.923016
1244.000000 0.834144
1245.000000 1.194496
1246.000000 1.077984
1247.000000 1.064512
1248.000000 1.040608
1249.000000 0.980256
1250.000000 1.217352
1251.000000 0.915600
1252.000000 0.886488
1253.000000 0.939064
1254.000000 1.039120
1255.000000 1.146136
1256.000000 1.106848
1257.000000 1.101568
1258.000000 1.081240
1260.000000 0.945024
1261.000000 1.119376
1262.000000 0.725344
1263.000000 1.083976
1264.000000 1.105352
1265.000000 1.134872
1266.000000 1.436432
1267.000000 1.304312
1268.000000 1.227448
1269.000000 1.248288
1270.000000 1.156496
1271.000000 1.402104
1272.000000 1.307408
1273.000000 1.278352
1274.000000 1.386576
1275.000000 1.204240
1276.000000 1.227992
1277.000000 1.185880
1278.000000 1.095840
1279.000000 1.252592
1280.000000 1.366568
1281.000000 1.075280
1282.000000 1.430672
1283.000000 1.149768
1284.000000 1.410488
1285.000000 1.195768
1286.000000 1.428896
1287.000000 0.791400
1289.000000 0.977064
1290.000000 1.422264
1291.000000 1.053248
1292.000000 1.164952
1293.000000 1.192488
1294.000000 1.245656
1295.000000 1.391264
1296.000000 1.767888
