0.000000 0.052784
1.000000 1.051888
3.000000 3.109088
4.000000 1.286128
5.000000 1.418680
6.000000 1.294984
7.000000 1.706520
8.000000 1.005856
9.000000 1.079768
10.000000 0.951768
11.000000 1.209504
12.000000 1.000480
13.000000 1.146176
14.000000 1.018208
15.000000 1.117168
16.000000 1.101328
17.000000 0.851768
18.000000 1.219680
19.000000 1.308240
20.000000 0.849176
21.000000 1.176792
22.000000 1.100744
24.000000 1.105656
25.000000 1.032288
26.000000 1.208168
27.000000 1.200856
28.000000 0.895912
30.000000 0.847464
31.000000 0.807968
32.000000 0.266952
33.000000 0.317376
34.000000 0.320056
35.000000 0.142272
36.000000 0.130808
37.000000 0.494400
38.000000 0.142272
39.000000 0.262656
40.000000 0.431784
41.000000 0.361504
42.000000 0.339208
43.000000 0.448704
44.000000 0.354128
45.000000 0.516744
46.000000 0.325272
47.000000 0.587760
48.000000 0.622160
49.000000 0.388136
50.000000 0.730024
51.000000 0.911872
52.000000 1.080104
53.000000 0.798240
54.000000 0.884128
55.000000 0.661024
56.000000 0.656920
57.000000 0.525312
59.000000 0.832152
60.000000 0.991504
61.000000 0.508184
62.000000 0.479632
63.000000 0.590496
64.000000 0.674144
65.000000 0.437760
66.000000 0.228400
67.000000 0.385480
68.000000 0.439936
69.000000 0.599024
70.000000 0.450776
71.000000 0.540352
72.000000 0.465040
73.000000 0.696832
74.000000 0.415872
75.000000 0.229824
77.000000 0.131072
78.000000 0.129536
79.000000 0.621872
81.000000 0.697336
83.000000 0.524272
84.000000 0.837256
85.000000 0.650848
86.000000 0.771784
87.000000 0.492472
88.000000 0.432256
89.000000 0.569720
90.000000 0.564280
91.000000 0.514368
92.000000 0.401768
93.000000 0.491888
94.000000 0.700472
95.000000 0.931320
96.000000 0.856912
97.000000 0.857096
98.000000 0.773104
99.000000 0.781672
101.000000 0.799056
102.000000 1.164872
103.000000 0.926336
104.000000 0.884792
105.000000 0.428232
106.000000 0.652736
107.000000 0.868448
108.000000 0.725608
109.000000 0.906368
110.000000 0.774312
111.000000 0.916472
112.000000 0.683952
113.000000 0.864048
114.000000 0.730408
115.000000 1.085960
116.000000 0.689640
117.000000 0.948472
118.000000 0.916200
119.000000 0.649904
120.000000 0.666872
121.000000 1.201344
122.000000 0.905784
123.000000 0.798912
124.000000 1.009040
125.000000 1.290312
126.000000 0.884224
127.000000 1.237040
129.000000 0.848504
130.000000 0.589560
131.000000 0.237184
132.000000 0.306432
133.000000 0.192944
134.000000 0.503424
135.000000 0.442168
136.000000 0.321176
137.000000 0.619888
138.000000 0.709400
139.000000 0.839736
140.000000 0.765632
141.000000 0.481712
142.000000 0.196992
143.000000 0.168096
144.000000 0.129400
145.000000 0.436088
146.000000 0.429224
147.000000 0.484184
149.000000 0.693120
150.000000 0.907888
151.000000 0.549144
152.000000 0.525312
153.000000 0.827000
154.000000 0.700256
155.000000 1.038392
156.000000 1.039304
157.000000 1.115072
158.000000 1.360408
159.000000 1.044608
160.000000 1.167832
161.000000 0.975568
162.000000 0.562048
163.000000 0.556016
164.000000 0.570912
165.000000 0.771080
166.000000 0.298856
168.000000 0.319872
169.000000 0.631256
170.000000 0.939968
171.000000 1.085976
172.000000 0.617040
173.000000 0.811392
174.000000 0.739320
175.000000 0.467056
176.000000 0.517192
177.000000 0.511136
178.000000 0.585832
179.000000 0.601920
180.000000 0.392008
181.000000 0.576336
182.000000 0.470592
183.000000 0.287504
184.000000 0.762600
185.000000 0.815720
187.000000 0.727576
188.000000 0.500688
189.000000 0.896384
190.000000 0.612072
191.000000 0.522208
192.000000 0.485192
193.000000 0.422944
194.000000 0.207936
195.000000 0.096504
196.000000 1.053568
197.000000 1.449072
199.000000 1.281720
200.000000 1.583072
201.000000 1.496264
202.000000 1.276080
203.000000 1.361440
204.000000 1.151184
205.000000 1.365280
206.000000 1.054112
207.000000 0.910824
208.000000 0.973832
209.000000 0.950328
210.000000 1.016328
211.000000 1.192496
212.000000 1.323200
213.000000 1.380440
215.000000 1.078400
216.000000 1.238464
217.000000 1.221144
218.000000 0.964536
219.000000 1.013024
220.000000 1.071608
221.000000 1.000984
222.000000 1.161752
223.000000 0.680728
224.000000 0.881544
225.000000 0.529176
226.000000 0.554888
227.000000 0.664592
228.000000 1.052744
229.000000 0.781024
230.000000 0.868880
231.000000 0.676288
232.000000 0.528744
234.000000 0.446472
235.000000 0.875576
236.000000 1.112112
237.000000 1.268256
238.000000 0.962952
239.000000 0.387872
240.000000 0.840496
242.000000 0.593632
243.000000 1.001312
244.000000 0.864248
245.000000 0.815472
246.000000 1.042880
247.000000 1.400488
248.000000 1.450800
249.000000 1.254664
250.000000 1.034584
251.000000 0.973392
252.000000 0.932312
253.000000 0.970992
254.000000 0.967576
255.000000 0.891600
256.000000 1.181728
257.000000 0.859392
258.000000 0.967152
259.000000 1.009256
260.000000 1.379368
262.000000 1.221720
263.000000 1.362576
264.000000 1.452968
265.000000 0.963592
266.000000 1.312864
267.000000 1.371440
268.000000 1.135608
269.000000 1.380448
270.000000 1.388656
271.000000 1.361472
272.000000 1.218128
273.000000 1.200584
274.000000 1.259616
276.000000 1.261432
277.000000 1.221640
278.000000 1.308384
279.000000 1.253896
280.000000 1.356040
281.000000 0.996712
282.000000 0.963912
283.000000 0.841144
284.000000 1.182472
285.000000 1.090248
286.000000 1.229360
287.000000 1.134592
288.000000 0.872920
289.000000 0.019952
290.000000 0.707880
291.000000 0.924632
292.000000 0.901144
293.000000 1.124080
294.000000 1.158608
295.000000 0.951080
296.000000 0.991480
297.000000 0.778296
299.000000 0.890560
300.000000 0.912112
301.000000 0.566488
302.000000 0.562384
303.000000 1.299248
304.000000 1.058824
305.000000 0.675280
306.000000 0.706312
307.000000 0.825352
308.000000 0.828336
309.000000 0.372608
310.000000 0.623808
311.000000 0.111288
312.000000 0.196992
313.000000 0.145040
315.000000 0.186048
316.000000 0.769088
317.000000 0.880056
318.000000 0.974880
319.000000 0.971744
320.000000 1.286816
321.000000 1.078304
322.000000 0.978840
323.000000 1.080440
324.000000 0.966632
326.000000 0.810224
327.000000 0.369800
328.000000 0.310248
329.000000 0.554368
330.000000 0.787280
331.000000 0.689048
333.000000 0.350208
334.000000 0.669400
335.000000 0.637176
336.000000 0.533952
337.000000 0.415872
339.000000 0.098496
340.000000 0.183840
341.000000 0.581480
342.000000 0.820800
343.000000 0.751328
344.000000 0.944128
345.000000 1.223664
346.000000 1.118408
347.000000 1.421088
348.000000 1.475840
349.000000 1.159760
350.000000 1.439296
351.000000 1.326992
352.000000 1.285416
353.000000 0.706344
354.000000 1.290376
356.000000 1.316544
357.000000 1.560776
358.000000 1.218976
359.000000 1.313504
360.000000 1.246576
361.000000 0.568872
362.000000 0.457640
363.000000 0.481536
364.000000 0.188136
365.000000 0.725944
366.000000 1.272032
367.000000 1.397536
368.000000 1.016976
369.000000 1.149976
370.000000 0.403616
371.000000 0.770272
372.000000 0.721504
373.000000 0.656872
374.000000 0.637576
375.000000 0.532232
376.000000 0.640256
377.000000 0.803832
378.000000 0.575528
379.000000 0.567968
380.000000 0.423144
382.000000 0.393984
383.000000 0.221144
384.000000 0.382904
385.000000 0.459648
386.000000 0.449464
387.000000 0.486912
388.000000 0.467040
389.000000 0.357408
390.000000 0.207936
391.000000 0.407280
392.000000 1.125632
393.000000 1.044144
394.000000 1.057616
395.000000 1.137448
396.000000 1.101400
397.000000 1.118696
398.000000 0.864904
399.000000 1.193320
400.000000 1.071832
401.000000 0.983072
403.000000 0.973880
404.000000 0.861248
405.000000 0.782400
406.000000 0.463560
407.000000 0.666392
408.000000 0.754072
409.000000 1.050584
410.000000 1.069480
411.000000 0.739080
412.000000 0.981912
413.000000 0.616800
414.000000 0.710672
415.000000 0.477288
416.000000 0.378616
417.000000 0.459648
418.000000 0.333072
419.000000 0.317376
420.000000 0.228464
421.000000 0.328320
422.000000 0.330944
423.000000 0.240768
427.000000 0.087552
428.000000 0.010944
430.000000 0.043776
433.000000 0.082160
434.000000 0.021888
435.000000 0.415872
437.000000 0.108672
439.000000 0.196992
440.000000 0.054720
441.000000 0.021888
442.000000 0.010944
450.000000 0.183072
451.000000 0.273408
452.000000 0.174432
453.000000 0.283064
454.000000 0.142272
455.000000 0.218880
457.000000 0.076608
458.000000 0.098496
459.000000 0.164040
460.000000 0.418224
461.000000 0.383040
462.000000 0.312064
463.000000 0.296728
464.000000 0.383040
465.000000 0.258232
466.000000 0.331216
467.000000 0.404928
468.000000 0.293704
469.000000 0.372096
470.000000 0.224448
471.000000 0.262656
472.000000 0.273600
473.000000 0.129760
474.000000 0.164160
475.000000 0.251712
476.000000 0.107344
477.000000 0.175104
492.000000 0.087552
493.000000 0.087552
494.000000 0.065664
495.000000 0.065664
497.000000 0.084112
498.000000 0.404928
499.000000 0.295544
500.000000 0.934984
501.000000 1.306576
502.000000 1.149408
503.000000 1.335624
504.000000 1.051472
505.000000 1.023856
506.000000 1.051992
508.000000 1.359976
509.000000 1.163120
510.000000 0.939432
511.000000 0.492480
512.000000 0.200264
513.000000 0.387640
514.000000 0.442088
515.000000 0.875696
516.000000 1.226984
517.000000 1.620472
518.000000 1.473888
519.000000 1.440792
520.000000 1.558480
521.000000 1.486320
523.000000 1.421408
524.000000 1.426584
525.000000 1.639232
526.000000 1.571880
527.000000 1.525320
528.000000 1.492096
529.000000 1.470856
530.000000 1.124864
531.000000 1.517056
532.000000 1.577048
533.000000 1.473056
534.000000 1.435520
535.000000 1.371720
537.000000 1.625184
538.000000 1.658184
539.000000 1.732832
540.000000 2.122680
541.000000 1.798152
542.000000 1.814000
543.000000 1.127456
544.000000 1.549328
545.000000 1.536776
546.000000 0.921272
547.000000 1.464456
549.000000 1.434936
550.000000 1.494120
551.000000 1.085248
552.000000 1.551840
553.000000 1.569624
554.000000 1.540464
555.000000 1.424360
556.000000 1.463136
557.000000 1.644096
559.000000 1.723384
560.000000 1.668864
561.000000 1.588168
562.000000 1.386344
563.000000 1.430352
564.000000 1.582408
565.000000 1.416408
566.000000 1.619048
567.000000 1.613144
568.000000 1.537520
570.000000 1.303680
571.000000 1.439968
572.000000 1.290456
573.000000 1.315816
574.000000 1.526400
575.000000 1.738152
576.000000 1.556840
577.000000 1.469824
578.000000 1.416976
579.000000 1.567192
580.000000 1.296016
581.000000 1.465032
582.000000 1.453304
583.000000 1.372304
584.000000 1.292272
585.000000 1.285200
586.000000 1.491112
587.000000 1.375984
588.000000 0.602496
589.000000 1.424208
590.000000 1.242064
591.000000 1.567488
592.000000 1.480520
594.000000 1.952280
595.000000 1.825232
596.000000 1.527744
597.000000 1.672672
598.000000 1.613424
599.000000 0.869952
600.000000 0.721824
601.000000 0.817464
602.000000 0.873424
603.000000 1.040256
604.000000 1.058208
605.000000 1.359880
606.000000 1.245144
607.000000 1.249424
608.000000 0.963672
609.000000 1.004032
610.000000 1.118184
611.000000 1.051080
612.000000 1.532888
613.000000 1.338576
614.000000 1.631152
615.000000 1.220256
616.000000 1.443784
617.000000 1.575336
618.000000 0.900736
620.000000 0.621904
621.000000 1.063416
622.000000 1.040560
623.000000 0.882464
624.000000 0.498784
625.000000 0.585248
626.000000 0.558144
627.000000 0.403400
628.000000 0.509888
629.000000 0.175104
630.000000 1.246664
631.000000 0.862616
632.000000 0.367912
633.000000 0.428776
634.000000 0.361152
635.000000 0.315736
636.000000 0.861568
637.000000 0.470376
638.000000 0.358648
639.000000 0.295488
641.000000 0.149216
642.000000 0.207936
643.000000 0.504544
644.000000 1.009424
645.000000 1.108936
646.000000 0.916736
647.000000 0.849320
648.000000 1.028072
649.000000 0.957768
650.000000 0.965448
651.000000 1.226552
652.000000 1.098512
653.000000 1.304608
654.000000 1.321784
655.000000 0.864392
656.000000 1.166552
657.000000 1.122248
658.000000 1.077224
659.000000 1.087368
660.000000 0.989672
661.000000 1.292040
663.000000 1.228032
664.000000 1.157120
665.000000 1.191576
666.000000 1.266232
667.000000 1.313112
668.000000 1.289040
669.000000 1.245240
670.000000 1.094920
671.000000 1.018824
672.000000 0.965592
673.000000 1.048136
674.000000 0.929152
675.000000 1.156272
676.000000 1.203440
677.000000 0.982008
678.000000 1.366752
679.000000 1.322072
681.000000 1.174912
682.000000 0.792672
683.000000 0.937720
684.000000 0.826384
685.000000 0.772112
686.000000 1.086864
687.000000 0.760840
688.000000 0.582808
689.000000 0.536616
690.000000 0.531936
691.000000 0.858424
692.000000 1.095008
693.000000 0.881528
694.000000 0.890144
695.000000 0.792104
696.000000 0.625936
697.000000 0.616448
698.000000 0.851016
699.000000 0.845656
700.000000 0.742848
701.000000 0.742672
702.000000 1.153504
703.000000 1.247208
704.000000 0.986064
705.000000 1.256832
706.000000 1.035680
707.000000 0.728344
708.000000 0.967024
709.000000 0.668592
711.000000 0.652928
712.000000 0.739376
713.000000 0.619104
714.000000 0.706080
715.000000 0.914264
716.000000 1.073224
717.000000 1.187104
718.000000 0.956280
719.000000 0.928536
720.000000 0.987440
721.000000 0.849600
722.000000 0.934432
723.000000 0.802856
724.000000 0.804672
725.000000 1.000216
726.000000 0.928488
727.000000 0.874384
728.000000 1.096112
729.000000 0.637512
730.000000 0.865248
731.000000 0.911312
732.000000 1.050208
733.000000 1.218600
734.000000 0.857568
735.000000 0.822648
736.000000 0.927152
737.000000 0.843464
738.000000 0.991904
739.000000 1.094896
740.000000 1.004848
741.000000 1.033536
742.000000 0.938344
743.000000 0.746200
744.000000 1.161008
745.000000 1.097608
746.000000 1.046952
747.000000 1.089544
748.000000 1.025128
749.000000 1.212416
751.000000 0.966832
752.000000 0.962296
753.000000 1.232008
754.000000 1.273648
755.000000 1.031480
756.000000 0.900064
757.000000 0.472440
758.000000 0.667584
759.000000 0.608056
760.000000 0.820448
761.000000 0.678904
762.000000 0.548264
763.000000 0.455344
764.000000 0.529088
765.000000 0.879520
766.000000 0.865608
767.000000 0.882960
768.000000 0.859648
769.000000 0.605320
770.000000 0.860752
771.000000 0.630720
772.000000 0.766992
773.000000 0.767736
774.000000 0.841760
775.000000 0.994544
776.000000 0.819440
777.000000 0.596584
778.000000 0.904024
779.000000 1.264088
780.000000 0.915952
781.000000 1.053792
782.000000 0.934280
783.000000 1.081536
784.000000 1.122584
786.000000 0.732112
787.000000 1.064048
788.000000 1.091696
789.000000 0.674056
790.000000 0.746008
791.000000 0.957032
792.000000 0.754104
793.000000 0.764152
794.000000 1.013488
795.000000 0.570736
796.000000 0.665384
797.000000 0.835960
798.000000 1.080000
799.000000 1.082456
800.000000 0.666200
801.000000 0.694232
802.000000 0.740328
803.000000 0.857120
804.000000 0.744424
805.000000 0.668536
806.000000 1.129344
807.000000 1.062576
808.000000 0.953568
809.000000 1.084720
810.000000 0.935096
811.000000 0.629384
812.000000 0.854480
813.000000 0.968848
814.000000 0.741712
815.000000 0.725880
817.000000 0.837600
818.000000 1.077552
819.000000 0.848176
820.000000 0.785976
821.000000 0.523376
822.000000 0.540928
823.000000 0.670056
824.000000 0.959576
825.000000 0.774560
826.000000 0.611400
827.000000 0.536256
833.000000 0.012072
835.000000 0.009008
836.000000 0.545112
837.000000 1.165256
838.000000 1.126320
839.000000 1.113080
840.000000 1.106312
841.000000 1.108288
842.000000 1.284040
843.000000 1.508696
844.000000 1.619784
845.000000 1.391440
846.000000 0.926704
847.000000 1.491104
849.000000 1.425408
850.000000 1.280944
851.000000 1.275968
852.000000 1.143064
853.000000 1.322648
854.000000 1.234576
855.000000 1.419160
856.000000 0.780920
857.000000 0.972504
858.000000 0.929480
859.000000 1.158640
860.000000 1.564504
861.000000 1.203584
862.000000 0.855448
863.000000 1.085312
864.000000 0.907912
865.000000 0.842056
866.000000 0.663072
867.000000 0.453208
868.000000 0.622832
869.000000 0.553448
871.000000 0.416048
872.000000 0.626976
873.000000 0.755488
874.000000 0.506376
875.000000 0.383040
876.000000 0.296784
877.000000 0.339264
878.000000 0.371656
879.000000 0.622552
880.000000 0.489344
881.000000 0.844432
882.000000 0.546440
883.000000 0.375104
884.000000 0.318184
885.000000 0.437760
886.000000 0.290488
887.000000 0.309464
888.000000 0.459648
889.000000 0.502552
890.000000 0.668864
891.000000 0.593360
892.000000 0.610968
893.000000 0.425880
894.000000 0.361152
895.000000 0.477184
896.000000 0.435928
897.000000 0.640152
898.000000 0.580032
899.000000 0.463376
900.000000 0.330032
902.000000 0.711608
903.000000 0.580032
904.000000 0.427400
905.000000 0.722304
906.000000 0.624040
907.000000 0.527512
908.000000 0.415872
909.000000 0.481536
910.000000 0.273808
911.000000 0.383040
912.000000 0.269912
913.000000 0.350208
914.000000 0.270864
915.000000 0.284544
916.000000 0.262656
917.000000 0.116840
918.000000 0.142272
919.000000 0.164160
920.000000 0.087552
921.000000 0.142272
922.000000 0.188704
923.000000 0.251712
924.000000 0.210376
925.000000 0.306432
926.000000 0.281312
927.000000 0.196992
928.000000 0.120384
929.000000 0.186048
930.000000 0.251712
931.000000 0.346752
933.000000 0.244256
934.000000 0.273600
935.000000 0.215064
936.000000 0.470592
937.000000 0.422688
938.000000 0.547200
939.000000 0.325376
940.000000 0.450240
941.000000 0.509616
942.000000 0.524168
943.000000 0.589072
944.000000 0.675680
945.000000 0.820664
946.000000 0.852232
947.000000 0.645880
948.000000 0.712224
949.000000 0.667048
950.000000 0.588456
951.000000 0.535416
952.000000 0.891992
953.000000 0.473512
954.000000 0.477672
955.000000 0.524384
956.000000 0.464648
957.000000 0.273600
958.000000 0.217400
959.000000 0.262656
960.000000 0.201416
961.000000 0.218880
963.000000 0.149344
964.000000 0.164160
965.000000 0.827664
966.000000 0.548256
967.000000 0.532144
968.000000 0.518488
969.000000 0.508768
970.000000 0.526128
971.000000 0.571928
972.000000 0.775928
973.000000 0.809152
974.000000 0.883128
975.000000 1.013560
976.000000 1.000736
977.000000 0.986416
978.000000 1.037192
979.000000 0.919872
980.000000 1.053104
981.000000 0.688808
982.000000 0.922320
983.000000 0.671296
984.000000 0.847448
985.000000 0.764696
987.000000 0.843752
988.000000 0.755416
989.000000 0.404928
990.000000 0.275072
992.000000 0.131072
993.000000 0.787600
994.000000 0.294160
995.000000 0.404928
996.000000 0.325224
998.000000 0.354336
999.000000 0.536256
1000.000000 0.306304
1001.000000 0.479408
1002.000000 0.833728
1003.000000 0.452720
1004.000000 0.317376
1005.000000 0.374416
1006.000000 0.662728
1007.000000 0.522608
1008.000000 0.642824
1009.000000 0.381600
1010.000000 0.417592
1011.000000 0.680552
1012.000000 0.470296
1013.000000 0.572184
1014.000000 0.346424
1015.000000 0.361152
1016.000000 0.255496
1017.000000 0.372096
1018.000000 0.235008
1019.000000 0.724864
1020.000000 0.858528
1021.000000 0.649720
1022.000000 0.598960
1023.000000 0.649112
1024.000000 0.798776
1025.000000 0.652360
1026.000000 0.628816
1028.000000 0.789792
1029.000000 1.064736
1030.000000 0.889416
1031.000000 0.998176
1032.000000 1.117768
1033.000000 1.120832
1034.000000 0.951424
1035.000000 0.999128
1036.000000 0.932128
1037.000000 1.196544
1038.000000 1.090528
1039.000000 1.638168
1040.000000 1.037288
1041.000000 1.310224
1042.000000 1.331632
1043.000000 0.920904
1044.000000 1.258808
1046.000000 1.248936
1047.000000 1.217456
1048.000000 1.255736
1049.000000 0.953408
1050.000000 1.194808
1051.000000 1.229992
1052.000000 0.939896
1053.000000 1.365776
1054.000000 1.360336
1055.000000 1.357120
1056.000000 1.095144
1057.000000 0.910672
1058.000000 1.362216
1059.000000 1.105440
1060.000000 1.111264
1061.000000 1.253368
1062.000000 0.829464
1063.000000 0.723776
1064.000000 0.692904
1065.000000 0.985696
1066.000000 0.738320
1067.000000 0.853520
1068.000000 0.736032
1069.000000 0.973128
1070.000000 1.130416
1071.000000 0.742112
1072.000000 0.532264
1073.000000 0.757248
1074.000000 0.548560
1075.000000 0.633288
1077.000000 0.910088
1078.000000 1.044888
1079.000000 1.053776
1080.000000 1.324672
1081.000000 1.200024
1082.000000 0.963560
1083.000000 0.950720
1084.000000 0.959744
1085.000000 0.390800
1086.000000 0.302200
1087.000000 0.540592
1088.000000 0.503424
1098.000000 0.064640
1099.000000 0.129200
1100.000000 0.262656
1103.000000 0.201568
1104.000000 0.404160
1105.000000 0.273288
1107.000000 0.509104
1108.000000 0.492480
1122.000000 0.122920
1123.000000 1.139240
1124.000000 0.785392
1125.000000 0.971968
1126.000000 0.987288
1127.000000 1.147400
1128.000000 1.135544
1129.000000 0.965368
1130.000000 1.131184
1131.000000 0.672472
1132.000000 1.114928
1133.000000 0.927664
1134.000000 1.279792
1136.000000 1.279424
1137.000000 1.381736
1138.000000 0.861944
1139.000000 0.840880
1140.000000 1.024168
1141.000000 0.695024
1142.000000 1.039944
1143.000000 0.698152
1144.000000 1.154968
1145.000000 0.894136
1146.000000 0.910264
1147.000000 1.071952
1148.000000 1.050792
1149.000000 1.140296
1150.000000 1.050984
1151.000000 1.210848
1152.000000 1.126856
1153.000000 1.153872
1154.000000 1.200032
1155.000000 1.265688
1156.000000 0.997936
1157.000000 1.196520
1158.000000 1.488712
1159.000000 1.176344
1161.000000 1.133128
1162.000000 1.190680
1163.000000 0.846528
1164.000000 1.128392
1165.000000 1.033704
1166.000000 0.843208
1167.000000 1.039688
1168.000000 1.156760
1169.000000 1.206608
1170.000000 1.140152
1171.000000 1.107064
1173.000000 1.149792
1174.000000 1.503840
1175.000000 1.342616
1176.000000 1.165856
1177.000000 0.885208
1178.000000 1.034808
1179.000000 0.697104
1180.000000 0.909200
1181.000000 0.951680
1182.000000 0.790232
1183.000000 0.777992
1184.000000 0.903968
1185.000000 1.176208
1186.000000 1.280480
1187.000000 1.589608
1188.000000 0.609056
1192.000000 0.960080
1193.000000 0.295488
1194.000000 0.223968
1195.000000 0.523384
1196.000000 0.479024
1197.000000 0.551064
1198.000000 0.618656
1199.000000 0.652712
1200.000000 0.635800
1201.000000 0.585784
1202.000000 0.411816
1203.000000 0.382328
1204.000000 0.446024
1205.000000 0.498592
1206.000000 0.509400
1207.000000 0.577104
1208.000000 0.557480
1209.000000 0.514576
1210.000000 0.524176
1211.000000 0.507184
1212.000000 1.006016
1213.000000 1.207560
1214.000000 1.063528
1216.000000 1.301752
1217.000000 1.531792
1218.000000 1.076472
1219.000000 1.564336
1220.000000 0.976480
1221.000000 0.925832
1222.000000 0.853168
1223.000000 1.120408
1224.000000 1.199320
1225.000000 0.978192
1226.000000 1.193544
1227.000000 0.736248
1228.000000 0.721056
1229.000000 0.963856
1230.000000 0.569200
1231.000000 0.568672
1232.000000 0.656216
1233.000000 0.883056
1234.000000 0.629160
1235.000000 0.935728
1237.000000 0.953408
1238.000000 0.934888
1239.000000 0.849264
1240.000000 0.466808
1241.000000 0.967040
1242.000000 0.665136
1243.000000 0.987552
1244.000000 0.703496
1245.000000 1.102504
1246.000000 0.808176
1247.000000 1.006448
1248.000000 1.093784
1249.000000 1.174560
1250.000000 1.001320
1251.000000 0.913064
1252.000000 1.050016
1254.000000 1.043696
1255.000000 1.060664
1256.000000 0.905904
1257.000000 1.025768
1258.000000 0.739104
1259.000000 0.710112
1260.000000 0.589264
1261.000000 0.729792
1262.000000 0.884464
1263.000000 0.276776
1264.000000 0.547872
1265.000000 0.702928
1267.000000 0.889680
1268.000000 0.869000
1269.000000 0.999984
1270.000000 1.044440
1271.000000 0.908800
1272.000000 0.849992
1273.000000 0.790432
